10
1000
1,0
2,2
3,3
4,3
5,5
6,6
7,6
8,8
9,8
10,10
11,11
12,11
13,12
14,14
15,14
16,15
17,17
18,17
19,19
20,19
21,21
22,21
23,22
24,24
25,24
26,26
27,27
28,28
29,28
30,29
31,30
32,32
33,32
34,34
35,34
36,35
37,36
38,38
39,38
40,40
41,41
42,41
43,42
44,44
45,45
46,45
47,47
48,47
49,48
50,50
51,50
52,51
53,53
54,53
55,54
56,56
57,57
58,57
59,59
60,60
61,60
62,62
63,63
64,63
65,65
66,65
67,67
68,68
69,69
70,69
71,71
72,71
73,73
74,74
75,75
76,76
77,77
78,77
79,78
80,80
81,80
82,81
83,82
84,83
85,85
86,85
87,86
88,87
89,88
90,90
91,90
92,91
93,93
94,93
95,95
96,95
97,97
98,97
99,98
100,100
101,98
102,97
103,96
104,96
105,94
106,93
107,93
108,92
109,91
110,89
111,88
112,88
113,87
114,86
115,85
116,84
117,83
118,81
119,80
120,80
121,78
122,78
123,77
124,75
125,75
126,73
127,73
128,72
129,70
130,69
131,69
132,67
133,66
134,65
135,65
136,63
137,63
138,61
139,60
140,59
141,59
142,57
143,56
144,55
145,55
146,53
147,53
148,51
149,50
150,49
151,48
152,47
153,47
154,45
155,45
156,43
157,42
158,41
159,40
160,39
161,38
162,37
163,36
164,35
165,35
166,33
167,33
168,32
169,31
170,30
171,28
172,28
173,26
174,25
175,24
176,23
177,22
178,21
179,21
180,19
181,19
182,17
183,16
184,16
185,15
186,14
187,13
188,11
189,10
190,9
191,8
192,8
193,7
194,5
195,5
196,4
197,2
198,2
199,1
200,0
201,3
202,6
203,8
204,12
205,15
206,17
207,20
208,23
209,26
210,29
211,32
212,36
213,39
214,41
215,44
216,47
217,51
218,54
219,57
220,59
221,63
222,66
223,69
224,72
225,75
226,77
227,81
228,84
229,87
230,89
231,92
232,95
233,99
234,102
235,104
236,107
237,110
238,113
239,117
240,120
241,122
242,125
243,128
244,131
245,135
246,138
247,140
248,143
249,146
250,149
251,152
252,155
253,159
254,161
255,165
256,167
257,170
258,173
259,176
260,179
261,182
262,185
263,189
264,191
265,195
266,198
267,200
268,204
269,206
270,209
271,213
272,215
273,219
274,222
275,225
276,226
277,230
278,233
279,235
280,240
281,243
282,245
283,248
284,252
285,254
286,257
287,260
288,264
289,267
290,269
291,273
292,274
293,280
294,281
295,285
296,289
297,290
298,294
299,295
300,299
301,303
302,310
303,313
304,320
305,323
306,328
307,335
308,340
309,343
310,351
311,356
312,361
313,365
314,369
315,375
316,379
317,383
318,390
319,395
320,399
321,405
322,409
323,415
324,419
325,424
326,428
327,433
328,442
329,444
330,450
331,454
332,459
333,463
334,471
335,473
336,477
337,483
338,488
339,492
340,499
341,503
342,508
343,516
344,522
345,523
346,532
347,537
348,540
349,543
350,547
351,552
352,562
353,562
354,568
355,573
356,577
357,585
358,591
359,593
360,601
361,607
362,610
363,613
364,618
365,624
366,630
367,634
368,642
369,645
370,651
371,652
372,662
373,663
374,670
375,675
376,679
377,683
378,693
379,698
380,698
381,704
382,712
383,714
384,716
385,725
386,730
387,735
388,742
389,747
390,747
391,756
392,762
393,766
394,769
395,774
396,777
397,788
398,786
399,798
400,801
401,802
402,811
403,814
404,818
405,825
406,826
407,832
408,837
409,841
410,853
411,858
412,861
413,865
414,870
415,877
416,879
417,887
418,894
419,893
420,901
421,909
422,914
423,915
424,920
425,927
426,930
427,937
428,942
429,946
430,953
431,951
432,964
433,964
434,970
435,974
436,982
437,988
438,991
439,998
440,1000
441,1001
442,1007
443,1012
444,1022
445,1028
446,1032
447,1032
448,1039
449,1042
450,1050
451,1058
452,1062
453,1067
454,1070
455,1070
456,1077
457,1089
458,1087
459,1091
460,1100
461,1101
462,1111
463,1111
464,1121
465,1126
466,1124
467,1140
468,1138
469,1142
470,1149
471,1155
472,1157
473,1164
474,1174
475,1173
476,1180
477,1188
478,1188
479,1199
480,1203
481,1201
482,1214
483,1209
484,1214
485,1223
486,1233
487,1237
488,1246
489,1246
490,1245
491,1256
492,1265
493,1267
494,1269
495,1276
496,1275
497,1289
498,1284
499,1290
500,1295
501,1299
502,1313
503,1316
504,1320
505,1330
506,1328
507,1339
508,1344
509,1340
510,1347
511,1361
512,1360
513,1363
514,1368
515,1370
516,1380
517,1381
518,1389
519,1399
520,1393
521,1398
522,1412
523,1410
524,1415
525,1425
526,1426
527,1438
528,1436
529,1450
530,1447
531,1448
532,1465
533,1471
534,1477
535,1480
536,1482
537,1481
538,1496
539,1489
540,1496
541,1511
542,1512
543,1513
544,1515
545,1527
546,1524
547,1530
548,1534
549,1540
550,1551
551,1559
552,1552
553,1561
554,1576
555,1579
556,1579
557,1585
558,1584
559,1588
560,1594
561,1604
562,1605
563,1621
564,1617
565,1628
566,1634
567,1640
568,1644
569,1650
570,1649
571,1659
572,1661
573,1665
574,1673
575,1678
576,1684
577,1684
578,1696
579,1692
580,1699
581,1700
582,1708
583,1709
584,1715
585,1720
586,1732
587,1735
588,1747
589,1746
590,1752
591,1762
592,1761
593,1771
594,1774
595,1782
596,1777
597,1784
598,1796
599,1794
600,1793
601,1813
602,1812
603,1812
604,1816
605,1825
606,1836
607,1839
608,1839
609,1840
610,1856
611,1862
612,1855
613,1866
614,1864
615,1872
616,1872
617,1884
618,1884
619,1894
620,1899
621,1912
622,1901
623,1905
624,1918
625,1922
626,1932
627,1929
628,1939
629,1950
630,1944
631,1950
632,1960
633,1968
634,1971
635,1973
636,1987
637,1990
638,1994
639,1987
640,1990
641,2013
642,2002
643,2005
644,2029
645,2033
646,2030
647,2044
648,2043
649,2044
650,2052
651,2060
652,2050
653,2056
654,2063
655,2077
656,2073
657,2094
658,2082
659,2087
660,2092
661,2100
662,2116
663,2109
664,2109
665,2128
666,2122
667,2137
668,2142
669,2144
670,2139
671,2162
672,2162
673,2164
674,2166
675,2184
676,2172
677,2175
678,2199
679,2192
680,2193
681,2200
682,2213
683,2214
684,2219
685,2233
686,2237
687,2235
688,2243
689,2240
690,2245
691,2263
692,2268
693,2254
694,2280
695,2286
696,2274
697,2285
698,2299
699,2298
700,2308
701,2295
702,2313
703,2314
704,2324
705,2324
706,2337
707,2324
708,2331
709,2337
710,2346
711,2353
712,2361
713,2353
714,2373
715,2384
716,2380
717,2382
718,2399
719,2385
720,2390
721,2393
722,2416
723,2422
724,2429
725,2420
726,2418
727,2437
728,2431
729,2448
730,2438
731,2446
732,2466
733,2460
734,2473
735,2465
736,2475
737,2482
738,2490
739,2496
740,2492
741,2509
742,2513
743,2513
744,2528
745,2519
746,2532
747,2526
748,2545
749,2533
750,2551
751,2547
752,2550
753,2561
754,2578
755,2568
756,2579
757,2588
758,2591
759,2599
760,2590
761,2596
762,2607
763,2625
764,2616
765,2617
766,2622
767,2633
768,2646
769,2642
770,2639
771,2665
772,2660
773,2659
774,2682
775,2669
776,2682
777,2690
778,2681
779,2695
780,2703
781,2703
782,2698
783,2706
784,2729
785,2724
786,2729
787,2736
788,2746
789,2757
790,2741
791,2751
792,2771
793,2751
794,2769
795,2778
796,2784
797,2772
798,2796
799,2797
800,2807
801,2805
802,2820
803,2814
804,2811
805,2838
806,2833
807,2834
808,2851
809,2846
810,2856
811,2847
812,2867
813,2866
814,2881
815,2862
816,2884
817,2877
818,2883
819,2884
820,2907
821,2899
822,2920
823,2912
824,2926
825,2934
826,2927
827,2923
828,2942
829,2942
830,2956
831,2946
832,2961
833,2965
834,2976
835,2979
836,2971
837,2971
838,2975
839,3005
840,2986
841,3017
842,3000
843,3018
844,3015
845,3027
846,3034
847,3027
848,3039
849,3037
850,3050
851,3053
852,3057
853,3054
854,3071
855,3089
856,3068
857,3074
858,3075
859,3085
860,3112
861,3094
862,3120
863,3118
864,3124
865,3137
866,3123
867,3147
868,3138
869,3130
870,3156
871,3170
872,3172
873,3170
874,3162
875,3159
876,3187
877,3170
878,3175
879,3202
880,3200
881,3189
882,3198
883,3228
884,3224
885,3215
886,3227
887,3246
888,3227
889,3235
890,3259
891,3260
892,3253
893,3263
894,3283
895,3275
896,3263
897,3269
898,3299
899,3301
900,3307
901,3314
902,3309
903,3327
904,3323
905,3324
906,3319
907,3343
908,3323
909,3350
910,3333
911,3340
912,3359
913,3372
914,3377
915,3361
916,3367
917,3380
918,3399
919,3388
920,3387
921,3389
922,3421
923,3414
924,3417
925,3430
926,3445
927,3425
928,3424
929,3428
930,3439
931,3457
932,3469
933,3462
934,3461
935,3459
936,3490
937,3494
938,3505
939,3487
940,3492
941,3507
942,3513
943,3506
944,3519
945,3521
946,3529
947,3534
948,3542
949,3561
950,3536
951,3542
952,3576
953,3564
954,3584
955,3575
956,3589
957,3585
958,3574
959,3595
960,3601
961,3613
962,3592
963,3598
964,3609
965,3618
966,3613
967,3638
968,3639
969,3653
970,3637
971,3636
972,3660
973,3649
974,3652
975,3691
976,3696
977,3696
978,3685
979,3700
980,3700
981,3706
982,3694
983,3723
984,3730
985,3712
986,3728
987,3742
988,3749
989,3726
990,3753
991,3766
992,3766
993,3780
994,3770
995,3782
996,3780
997,3772
998,3773
999,3780
1000,3783
1000
1,0
2,1
3,2
4,4
5,5
6,6
7,6
8,8
9,9
10,10
11,10
12,11
13,13
14,13
15,15
16,15
17,16
18,18
19,18
20,20
21,20
22,22
23,23
24,23
25,25
26,26
27,26
28,27
29,29
30,30
31,31
32,31
33,32
34,34
35,35
36,35
37,37
38,37
39,39
40,39
41,41
42,41
43,43
44,44
45,44
46,45
47,46
48,47
49,48
50,49
51,51
52,52
53,52
54,54
55,54
56,56
57,56
58,58
59,58
60,59
61,61
62,61
63,62
64,64
65,65
66,65
67,66
68,67
69,69
70,70
71,71
72,71
73,72
74,73
75,75
76,76
77,76
78,77
79,78
80,80
81,80
82,81
83,82
84,83
85,84
86,86
87,87
88,88
89,88
90,89
91,90
92,92
93,92
94,93
95,95
96,96
97,96
98,97
99,98
100,100
101,99
102,97
103,97
104,96
105,95
106,94
107,92
108,92
109,91
110,89
111,89
112,88
113,86
114,85
115,84
116,83
117,83
118,81
119,80
120,80
121,79
122,78
123,77
124,76
125,74
126,73
127,73
128,71
129,70
130,70
131,69
132,67
133,66
134,66
135,64
136,63
137,62
138,62
139,61
140,60
141,58
142,57
143,57
144,55
145,55
146,54
147,52
148,52
149,50
150,50
151,48
152,47
153,46
154,46
155,44
156,43
157,42
158,41
159,40
160,40
161,38
162,37
163,36
164,35
165,34
166,34
167,33
168,32
169,30
170,30
171,28
172,27
173,26
174,25
175,25
176,24
177,23
178,21
179,20
180,19
181,19
182,17
183,17
184,16
185,14
186,14
187,13
188,12
189,11
190,10
191,8
192,7
193,7
194,6
195,5
196,3
197,2
198,1
199,1
200,0
201,2
202,5
203,9
204,11
205,14
206,17
207,21
208,24
209,27
210,29
211,32
212,36
213,39
214,41
215,44
216,48
217,51
218,53
219,57
220,59
221,63
222,66
223,68
224,71
225,75
226,78
227,80
228,84
229,87
230,89
231,92
232,95
233,99
234,102
235,104
236,107
237,111
238,114
239,117
240,119
241,123
242,125
243,129
244,132
245,134
246,137
247,141
248,144
249,146
250,150
251,152
252,155
253,158
254,161
255,164
256,168
257,170
258,174
259,177
260,180
261,183
262,186
263,188
264,191
265,195
266,197
267,201
268,203
269,206
270,210
271,211
272,215
273,218
274,221
275,225
276,227
277,230
278,234
279,235
280,239
281,243
282,246
283,249
284,252
285,255
286,258
287,261
288,263
289,268
290,271
291,273
292,277
293,279
294,281
295,286
296,289
297,291
298,295
299,295
300,298
301,306
302,308
303,315
304,319
305,324
306,331
307,334
308,338
309,343
310,348
311,354
312,361
313,366
314,370
315,375
316,381
317,384
318,389
319,395
320,400
321,403
322,410
323,416
324,420
325,423
326,430
327,435
328,439
329,444
330,450
331,455
332,460
333,466
334,469
335,473
336,482
337,485
338,488
339,495
340,498
341,506
342,509
343,514
344,517
345,526
346,527
347,533
348,542
349,547
350,551
351,553
352,562
353,564
354,569
355,574
356,581
357,587
358,588
359,593
360,601
361,604
362,610
363,612
364,618
365,623
366,628
367,637
368,641
369,644
370,649
371,656
372,662
373,668
374,671
375,673
376,681
377,682
378,693
379,694
380,700
381,705
382,708
383,715
384,723
385,723
386,727
387,736
388,742
389,744
390,753
391,752
392,756
393,762
394,772
395,773
396,777
397,781
398,786
399,792
400,798
401,803
402,810
403,811
404,816
405,821
406,831
407,838
408,839
409,846
410,846
411,851
412,860
413,865
414,873
415,872
416,878
417,888
418,892
419,894
420,900
421,908
422,914
423,916
424,917
425,928
426,931
427,935
428,943
429,949
430,953
431,957
432,961
433,969
434,967
435,970
436,983
437,982
438,991
439,993
440,997
441,1001
442,1005
443,1012
444,1024
445,1024
446,1027
447,1030
448,1035
449,1040
450,1051
451,1054
452,1060
453,1068
454,1074
455,1072
456,1074
457,1087
458,1093
459,1097
460,1098
461,1106
462,1110
463,1110
464,1124
465,1126
466,1131
467,1130
468,1140
469,1144
470,1146
471,1157
472,1156
473,1170
474,1173
475,1169
476,1182
477,1182
478,1192
479,1199
480,1203
481,1207
482,1215
483,1218
484,1216
485,1220
486,1229
487,1239
488,1238
489,1240
490,1252
491,1259
492,1262
493,1260
494,1266
495,1279
496,1285
497,1285
498,1292
499,1296
500,1303
501,1301
502,1306
503,1321
504,1316
505,1321
506,1336
507,1334
508,1334
509,1340
510,1345
511,1357
512,1357
513,1360
514,1368
515,1372
516,1386
517,1390
518,1391
519,1391
520,1402
521,1400
522,1407
523,1408
524,1426
525,1428
526,1426
527,1435
528,1443
529,1443
530,1443
531,1449
532,1460
533,1464
534,1471
535,1474
536,1476
537,1491
538,1483
539,1497
540,1505
541,1506
542,1507
543,1509
544,1512
545,1529
546,1529
547,1528
548,1533
549,1545
550,1545
551,1555
552,1564
553,1567
554,1567
555,1573
556,1586
557,1578
558,1582
559,1587
560,1607
561,1611
562,1602
563,1608
564,1619
565,1619
566,1629
567,1629
568,1645
569,1649
570,1643
571,1658
572,1667
573,1661
574,1666
575,1673
576,1682
577,1686
578,1684
579,1688
580,1703
581,1708
582,1711
583,1713
584,1725
585,1720
586,1725
587,1728
588,1739
589,1737
590,1744
591,1758
592,1759
593,1766
594,1768
595,1767
596,1775
597,1785
598,1783
599,1793
600,1807
601,1801
602,1815
603,1820
604,1812
605,1821
606,1825
607,1829
608,1836
609,1843
610,1846
611,1853
612,1850
613,1863
614,1861
615,1866
616,1878
617,1880
618,1898
619,1892
620,1895
621,1910
622,1909
623,1916
624,1922
625,1928
626,1935
627,1937
628,1939
629,1941
630,1959
631,1950
632,1965
633,1972
634,1968
635,1968
636,1987
637,1992
638,1990
639,1999
640,2001
641,2013
642,2004
643,2006
644,2029
645,2033
646,2021
647,2028
648,2043
649,2035
650,2044
651,2051
652,2068
653,2070
654,2076
655,2068
656,2072
657,2077
658,2088
659,2092
660,2101
661,2101
662,2111
663,2109
664,2112
665,2124
666,2120
667,2125
668,2148
669,2147
670,2152
671,2161
672,2156
673,2163
674,2180
675,2169
676,2178
677,2189
678,2187
679,2187
680,2209
681,2203
682,2205
683,2210
684,2228
685,2229
686,2224
687,2234
688,2233
689,2250
690,2242
691,2265
692,2267
693,2272
694,2273
695,2271
696,2272
697,2274
698,2285
699,2298
700,2302
701,2302
702,2302
703,2319
704,2309
705,2318
706,2324
707,2324
708,2334
709,2348
710,2355
711,2359
712,2348
713,2358
714,2364
715,2376
716,2383
717,2387
718,2379
719,2385
720,2397
721,2395
722,2410
723,2426
724,2422
725,2416
726,2422
727,2426
728,2436
729,2436
730,2450
731,2450
732,2458
733,2461
734,2481
735,2468
736,2476
737,2478
738,2488
739,2499
740,2492
741,2511
742,2499
743,2507
744,2512
745,2536
746,2534
747,2532
748,2539
749,2550
750,2551
751,2545
752,2563
753,2567
754,2575
755,2566
756,2567
757,2574
758,2580
759,2601
760,2604
761,2598
762,2614
763,2610
764,2621
765,2637
766,2617
767,2643
768,2640
769,2635
770,2650
771,2650
772,2668
773,2664
774,2673
775,2675
776,2670
777,2696
778,2701
779,2685
780,2704
781,2709
782,2706
783,2705
784,2714
785,2719
786,2732
787,2728
788,2730
789,2749
790,2756
791,2763
792,2758
793,2767
794,2767
795,2764
796,2772
797,2796
798,2788
799,2788
800,2788
801,2806
802,2801
803,2807
804,2824
805,2822
806,2832
807,2821
808,2850
809,2838
810,2861
811,2846
812,2853
813,2858
814,2859
815,2870
816,2870
817,2875
818,2892
819,2909
820,2886
821,2895
822,2905
823,2913
824,2918
825,2913
826,2944
827,2949
828,2939
829,2935
830,2949
831,2942
832,2946
833,2972
834,2978
835,2979
836,2971
837,2986
838,2987
839,3001
840,3010
841,3015
842,3002
843,3028
844,3015
845,3030
846,3037
847,3032
848,3038
849,3057
850,3062
851,3043
852,3060
853,3054
854,3069
855,3073
856,3089
857,3088
858,3086
859,3091
860,3094
861,3090
862,3112
863,3103
864,3127
865,3134
866,3121
867,3147
868,3147
869,3131
870,3157
871,3170
872,3174
873,3159
874,3162
875,3185
876,3191
877,3178
878,3179
879,3196
880,3207
881,3219
882,3205
883,3216
884,3216
885,3225
886,3241
887,3249
888,3227
889,3248
890,3238
891,3264
892,3265
893,3249
894,3263
895,3291
896,3296
897,3288
898,3280
899,3289
900,3302
901,3304
902,3302
903,3326
904,3317
905,3312
906,3340
907,3329
908,3346
909,3356
910,3353
911,3356
912,3375
913,3368
914,3366
915,3359
916,3375
917,3380
918,3380
919,3403
920,3395
921,3403
922,3412
923,3420
924,3413
925,3408
926,3428
927,3439
928,3423
929,3455
930,3433
931,3448
932,3470
933,3467
934,3485
935,3486
936,3495
937,3484
938,3491
939,3508
940,3501
941,3495
942,3504
943,3519
944,3523
945,3538
946,3517
947,3534
948,3524
949,3532
950,3554
951,3541
952,3574
953,3556
954,3573
955,3575
956,3597
957,3570
958,3603
959,3597
960,3595
961,3617
962,3613
963,3603
964,3621
965,3621
966,3641
967,3616
968,3644
969,3641
970,3655
971,3640
972,3645
973,3675
974,3684
975,3681
976,3676
977,3690
978,3685
979,3708
980,3681
981,3706
982,3699
983,3730
984,3720
985,3740
986,3738
987,3749
988,3731
989,3752
990,3756
991,3772
992,3746
993,3780
994,3772
995,3772
996,3788
997,3777
998,3774
999,3811
1000,3816
1000
1,1
2,1
3,2
4,4
5,4
6,6
7,7
8,8
9,8
10,10
11,10
12,12
13,13
14,13
15,14
16,15
17,16
18,17
19,18
20,20
21,20
22,21
23,22
24,24
25,24
26,25
27,26
28,27
29,29
30,29
31,31
32,32
33,33
34,33
35,35
36,36
37,37
38,37
39,38
40,40
41,41
42,42
43,42
44,43
45,44
46,45
47,47
48,47
49,48
50,50
51,51
52,52
53,52
54,53
55,55
56,56
57,57
58,57
59,59
60,60
61,60
62,62
63,62
64,63
65,64
66,66
67,66
68,67
69,68
70,70
71,70
72,71
73,73
74,74
75,75
76,76
77,77
78,78
79,79
80,80
81,81
82,81
83,82
84,84
85,85
86,85
87,86
88,88
89,88
90,90
91,90
92,91
93,92
94,93
95,94
96,96
97,96
98,98
99,99
100,99
101,98
102,97
103,97
104,95
105,94
106,94
107,92
108,91
109,90
110,89
111,88
112,88
113,86
114,86
115,85
116,84
117,83
118,82
119,81
120,79
121,78
122,77
123,77
124,75
125,74
126,73
127,73
128,71
129,70
130,69
131,68
132,67
133,66
134,65
135,64
136,63
137,63
138,61
139,60
140,60
141,58
142,58
143,57
144,56
145,55
146,53
147,53
148,51
149,51
150,50
151,49
152,47
153,46
154,45
155,44
156,44
157,43
158,42
159,41
160,39
161,38
162,38
163,37
164,36
165,35
166,34
167,33
168,32
169,30
170,30
171,29
172,28
173,27
174,26
175,24
176,23
177,22
178,22
179,21
180,20
181,18
182,18
183,16
184,15
185,15
186,13
187,12
188,12
189,10
190,10
191,8
192,8
193,7
194,5
195,5
196,4
197,2
198,1
199,1
200,0
201,2
202,5
203,8
204,12
205,15
206,18
207,20
208,23
209,26
210,29
211,33
212,35
213,38
214,42
215,44
216,47
217,51
218,54
219,56
220,59
221,63
222,65
223,69
224,71
225,75
226,77
227,81
228,84
229,87
230,89
231,92
232,95
233,99
234,101
235,104
236,108
237,110
238,113
239,117
240,120
241,123
242,125
243,128
244,131
245,135
246,138
247,141
248,143
249,146
250,149
251,153
252,156
253,158
254,162
255,165
256,168
257,171
258,174
259,177
260,179
261,183
262,185
263,188
264,191
265,195
266,197
267,201
268,204
269,206
270,210
271,213
272,216
273,218
274,222
275,224
276,228
277,230
278,233
279,237
280,240
281,242
282,245
283,248
284,251
285,255
286,257
287,261
288,264
289,266
290,270
291,271
292,276
293,279
294,282
295,283
296,288
297,290
298,294
299,298
300,300
301,304
302,309
303,315
304,320
305,325
306,331
307,335
308,340
309,345
310,351
311,355
312,359
313,364
314,371
315,375
316,381
317,384
318,389
319,394
320,399
321,403
322,410
323,416
324,418
325,423
326,429
327,436
328,438
329,446
330,450
331,453
332,459
333,464
334,470
335,472
336,478
337,487
338,490
339,495
340,500
341,504
342,507
343,516
344,518
345,525
346,532
347,536
348,538
349,543
350,550
351,554
352,558
353,564
354,567
355,573
356,581
357,586
358,591
359,597
360,598
361,606
362,609
363,615
364,618
365,624
366,628
367,632
368,642
369,647
370,651
371,652
372,660
373,663
374,668
375,675
376,678
377,682
378,691
379,691
380,698
381,702
382,706
383,716
384,723
385,723
386,731
387,737
388,738
389,744
390,748
391,758
392,756
393,768
394,770
395,776
396,779
397,787
398,786
399,796
400,803
401,804
402,813
403,811
404,820
405,825
406,833
407,833
408,843
409,847
410,849
411,858
412,863
413,862
414,865
415,876
416,882
417,887
418,886
419,898
420,895
421,904
422,913
423,918
424,915
425,921
426,926
427,936
428,938
429,942
430,949
431,958
432,962
433,963
434,966
435,974
436,984
437,983
438,985
439,992
440,1001
441,1003
442,1005
443,1014
444,1022
445,1027
446,1034
447,1034
448,1041
449,1046
450,1047
451,1050
452,1056
453,1062
454,1066
455,1078
456,1075
457,1088
458,1090
459,1099
460,1104
461,1105
462,1114
463,1115
464,1115
465,1122
466,1133
467,1132
468,1134
469,1143
470,1146
471,1155
472,1162
473,1170
474,1174
475,1175
476,1177
477,1182
478,1187
479,1196
480,1197
481,1204
482,1214
483,1216
484,1224
485,1224
486,1226
487,1239
488,1239
489,1244
490,1246
491,1259
492,1257
493,1270
494,1264
495,1269
496,1278
497,1286
498,1295
499,1295
500,1304
501,1305
502,1314
503,1319
504,1321
505,1322
506,1324
507,1328
508,1333
509,1346
510,1354
511,1349
512,1361
513,1362
514,1368
515,1376
516,1376
517,1381
518,1384
519,1388
520,1393
521,1398
522,1403
523,1408
524,1416
525,1430
526,1432
527,1430
528,1436
529,1445
530,1446
531,1453
532,1459
533,1471
534,1472
535,1469
536,1476
537,1490
538,1487
539,1500
540,1498
541,1510
542,1509
543,1517
544,1527
545,1523
546,1535
547,1528
548,1535
549,1551
550,1543
551,1556
552,1563
553,1565
554,1572
555,1580
556,1583
557,1580
558,1594
559,1593
560,1604
561,1612
562,1604
563,1621
564,1624
565,1619
566,1631
567,1628
568,1646
569,1651
570,1645
571,1648
572,1661
573,1664
574,1665
575,1673
576,1676
577,1686
578,1697
579,1688
580,1704
581,1696
582,1712
583,1714
584,1715
585,1726
586,1724
587,1739
588,1738
589,1753
590,1748
591,1755
592,1761
593,1768
594,1774
595,1770
596,1781
597,1790
598,1792
599,1803
600,1797
601,1804
602,1812
603,1820
604,1826
605,1818
606,1826
607,1843
608,1842
609,1843
610,1842
611,1863
612,1861
613,1864
614,1868
615,1868
616,1878
617,1886
618,1892
619,1891
620,1908
621,1903
622,1918
623,1906
624,1918
625,1919
626,1932
627,1935
628,1945
629,1935
630,1940
631,1952
632,1965
633,1963
634,1968
635,1983
636,1975
637,1990
638,1980
639,1997
640,2005
641,2002
642,2004
643,2018
644,2017
645,2023
646,2022
647,2035
648,2041
649,2051
650,2051
651,2048
652,2069
653,2060
654,2073
655,2084
656,2084
657,2091
658,2082
659,2105
660,2107
661,2095
662,2099
663,2116
664,2123
665,2123
666,2140
667,2136
668,2147
669,2149
670,2158
671,2146
672,2161
673,2166
674,2161
675,2177
676,2186
677,2181
678,2194
679,2187
680,2201
681,2200
682,2202
683,2223
684,2225
685,2221
686,2225
687,2240
688,2231
689,2246
690,2247
691,2263
692,2258
693,2264
694,2261
695,2271
696,2289
697,2291
698,2284
699,2303
700,2299
701,2302
702,2311
703,2319
704,2321
705,2314
706,2318
707,2345
708,2336
709,2354
710,2343
711,2344
712,2358
713,2372
714,2365
715,2363
716,2387
717,2391
718,2388
719,2394
720,2407
721,2401
722,2420
723,2412
724,2431
725,2416
726,2419
727,2446
728,2451
729,2451
730,2439
731,2466
732,2471
733,2468
734,2479
735,2465
736,2481
737,2485
738,2502
739,2505
740,2498
741,2497
742,2520
743,2522
744,2527
745,2535
746,2530
747,2530
748,2536
749,2534
750,2539
751,2559
752,2555
753,2573
754,2560
755,2585
756,2588
757,2579
758,2591
759,2589
760,2602
761,2599
762,2615
763,2603
764,2607
765,2628
766,2637
767,2643
768,2647
769,2645
770,2653
771,2666
772,2655
773,2663
774,2661
775,2674
776,2682
777,2698
778,2703
779,2693
780,2701
781,2718
782,2702
783,2715
784,2722
785,2722
786,2743
787,2739
788,2733
789,2737
790,2753
791,2758
792,2770
793,2754
794,2761
795,2770
796,2775
797,2789
798,2787
799,2797
800,2809
801,2802
802,2803
803,2808
804,2814
805,2817
806,2830
807,2840
808,2832
809,2834
810,2852
811,2843
812,2860
813,2864
814,2858
815,2876
816,2893
817,2879
818,2878
819,2883
820,2900
821,2912
822,2905
823,2928
824,2919
825,2932
826,2920
827,2921
828,2935
829,2941
830,2937
831,2966
832,2970
833,2957
834,2980
835,2969
836,2979
837,2982
838,2993
839,2999
840,2998
841,2999
842,3018
843,3002
844,3010
845,3036
846,3017
847,3050
848,3029
849,3044
850,3058
851,3056
852,3063
853,3074
854,3055
855,3079
856,3074
857,3086
858,3076
859,3092
860,3102
861,3114
862,3099
863,3118
864,3112
865,3137
866,3114
867,3134
868,3153
869,3132
870,3146
871,3170
872,3158
873,3154
874,3177
875,3163
876,3178
877,3193
878,3194
879,3196
880,3196
881,3212
882,3223
883,3213
884,3221
885,3231
886,3216
887,3239
888,3249
889,3246
890,3257
891,3265
892,3253
893,3250
894,3263
895,3265
896,3292
897,3270
898,3273
899,3284
900,3301
901,3313
902,3320
903,3330
904,3330
905,3315
906,3321
907,3322
908,3328
909,3361
910,3349
911,3351
912,3349
913,3368
914,3358
915,3366
916,3371
917,3400
918,3376
919,3392
920,3407
921,3410
922,3423
923,3416
924,3431
925,3431
926,3420
927,3442
928,3423
929,3433
930,3459
931,3468
932,3450
933,3448
934,3455
935,3467
936,3481
937,3492
938,3500
939,3507
940,3516
941,3511
942,3506
943,3509
944,3521
945,3521
946,3539
947,3533
948,3539
949,3542
950,3562
951,3539
952,3552
953,3564
954,3581
955,3591
956,3571
957,3584
958,3602
959,3599
960,3595
961,3601
962,3623
963,3601
964,3626
965,3640
966,3628
967,3627
968,3623
969,3652
970,3651
971,3645
972,3660
973,3656
974,3668
975,3681
976,3691
977,3676
978,3694
979,3696
980,3682
981,3695
982,3698
983,3699
984,3705
985,3725
986,3728
987,3733
988,3747
989,3744
990,3741
991,3736
992,3777
993,3776
994,3772
995,3770
996,3784
997,3791
998,3789
999,3804
1000,3785
1000
1,0
2,1
3,2
4,3
5,4
6,6
7,6
8,8
9,8
10,9
11,10
12,11
13,13
14,13
15,15
16,15
17,17
18,17
19,18
20,19
21,20
22,22
23,22
24,23
25,24
26,26
27,26
28,28
29,29
30,30
31,30
32,32
33,32
34,33
35,35
36,36
37,36
38,38
39,38
40,40
41,41
42,41
43,43
44,43
45,45
46,45
47,46
48,48
49,49
50,50
51,50
52,51
53,53
54,53
55,54
56,55
57,56
58,58
59,58
60,59
61,60
62,61
63,62
64,63
65,65
66,66
67,66
68,67
69,69
70,69
71,71
72,71
73,72
74,74
75,75
76,76
77,77
78,77
79,79
80,79
81,81
82,81
83,83
84,83
85,85
86,85
87,86
88,87
89,89
90,89
91,90
92,91
93,93
94,93
95,94
96,96
97,97
98,97
99,99
100,100
101,99
102,98
103,96
104,95
105,95
106,94
107,92
108,92
109,91
110,89
111,88
112,87
113,86
114,85
115,84
116,83
117,83
118,81
119,81
120,79
121,78
122,77
123,76
124,76
125,74
126,74
127,72
128,72
129,70
130,70
131,69
132,68
133,66
134,65
135,64
136,64
137,62
138,62
139,61
140,59
141,59
142,58
143,56
144,56
145,54
146,54
147,52
148,51
149,51
150,49
151,48
152,47
153,46
154,45
155,45
156,44
157,42
158,42
159,41
160,40
161,39
162,38
163,36
164,35
165,35
166,34
167,33
168,32
169,30
170,29
171,28
172,28
173,27
174,25
175,25
176,23
177,22
178,21
179,21
180,20
181,19
182,17
183,16
184,15
185,14
186,13
187,12
188,11
189,10
190,9
191,9
192,7
193,7
194,5
195,4
196,3
197,3
198,2
199,0
200,0
201,3
202,5
203,9
204,11
205,15
206,17
207,20
208,24
209,26
210,30
211,32
212,35
213,39
214,42
215,45
216,47
217,50
218,54
219,56
220,59
221,63
222,65
223,68
224,71
225,74
226,77
227,80
228,83
229,87
230,89
231,93
232,95
233,99
234,102
235,104
236,107
237,110
238,114
239,117
240,119
241,123
242,125
243,129
244,132
245,134
246,138
247,141
248,144
249,147
250,150
251,153
252,156
253,159
254,161
255,164
256,168
257,170
258,173
259,176
260,179
261,183
262,185
263,188
264,192
265,194
266,198
267,201
268,204
269,207
270,210
271,212
272,216
273,219
274,221
275,225
276,227
277,230
278,234
279,237
280,239
281,243
282,246
283,248
284,250
285,253
286,259
287,260
288,263
289,266
290,270
291,272
292,276
293,278
294,282
295,283
296,288
297,291
298,294
299,297
300,300
301,306
302,309
303,316
304,320
305,324
306,331
307,336
308,340
309,346
310,350
311,355
312,360
313,366
314,368
315,375
316,380
317,384
318,391
319,393
320,401
321,406
322,408
323,415
324,421
325,426
326,430
327,435
328,440
329,447
330,448
331,455
332,458
333,464
334,470
335,473
336,478
337,484
338,492
339,494
340,499
341,506
342,509
343,516
344,522
345,525
346,531
347,533
348,540
349,543
350,547
351,554
352,562
353,564
354,568
355,575
356,579
357,584
358,589
359,594
360,599
361,606
362,608
363,616
364,618
365,626
366,629
367,636
368,637
369,646
370,648
371,653
372,659
373,665
374,673
375,674
376,677
377,685
378,687
379,695
380,702
381,706
382,712
383,714
384,723
385,722
386,732
387,736
388,737
389,741
390,750
391,756
392,757
393,761
394,767
395,773
396,778
397,783
398,792
399,792
400,796
401,807
402,809
403,812
404,823
405,828
406,829
407,836
408,841
409,847
410,845
411,856
412,860
413,861
414,870
415,876
416,883
417,888
418,888
419,898
420,899
421,908
422,905
423,912
424,922
425,921
426,934
427,933
428,942
429,944
430,952
431,954
432,959
433,963
434,969
435,970
436,978
437,988
438,993
439,999
440,997
441,1002
442,1012
443,1014
444,1017
445,1024
446,1025
447,1037
448,1040
449,1045
450,1049
451,1057
452,1057
453,1067
454,1065
455,1071
456,1083
457,1085
458,1090
459,1096
460,1104
461,1103
462,1112
463,1110
464,1124
465,1121
466,1128
467,1137
468,1140
469,1147
470,1153
471,1152
472,1154
473,1167
474,1168
475,1169
476,1175
477,1182
478,1185
479,1190
480,1200
481,1206
482,1204
483,1215
484,1223
485,1224
486,1227
487,1234
488,1234
489,1241
490,1245
491,1252
492,1266
493,1267
494,1274
495,1269
496,1280
497,1284
498,1288
499,1301
500,1305
501,1311
502,1314
503,1311
504,1322
505,1325
506,1332
507,1331
508,1338
509,1343
510,1352
511,1351
512,1357
513,1363
514,1366
515,1377
516,1374
517,1381
518,1386
519,1391
520,1404
521,1402
522,1416
523,1413
524,1413
525,1423
526,1434
527,1428
528,1445
529,1448
530,1452
531,1460
532,1452
533,1466
534,1471
535,1480
536,1475
537,1479
538,1484
539,1492
540,1507
541,1508
542,1516
543,1507
544,1521
545,1518
546,1522
547,1538
548,1532
549,1546
550,1554
551,1556
552,1565
553,1559
554,1572
555,1581
556,1574
557,1587
558,1588
559,1587
560,1604
561,1607
562,1602
563,1611
564,1615
565,1626
566,1623
567,1640
568,1647
569,1646
570,1652
571,1651
572,1668
573,1667
574,1664
575,1678
576,1680
577,1683
578,1681
579,1686
580,1699
581,1702
582,1715
583,1718
584,1714
585,1726
586,1733
587,1726
588,1735
589,1751
590,1746
591,1760
592,1763
593,1762
594,1777
595,1771
596,1784
597,1784
598,1784
599,1790
600,1803
601,1807
602,1801
603,1811
604,1816
605,1829
606,1835
607,1830
608,1840
609,1838
610,1849
611,1848
612,1853
613,1863
614,1870
615,1875
616,1877
617,1882
618,1899
619,1901
620,1892
621,1910
622,1914
623,1914
624,1915
625,1933
626,1926
627,1941
628,1948
629,1951
630,1944
631,1961
632,1963
633,1955
634,1973
635,1974
636,1982
637,1993
638,1988
639,1987
640,2001
641,2010
642,2004
643,2016
644,2024
645,2019
646,2022
647,2036
648,2034
649,2036
650,2046
651,2056
652,2061
653,2064
654,2074
655,2080
656,2082
657,2080
658,2080
659,2085
660,2104
661,2108
662,2108
663,2120
664,2120
665,2116
666,2130
667,2144
668,2145
669,2142
670,2157
671,2150
672,2150
673,2164
674,2178
675,2184
676,2184
677,2181
678,2179
679,2201
680,2193
681,2215
682,2199
683,2212
684,2213
685,2217
686,2234
687,2242
688,2236
689,2234
690,2248
691,2264
692,2252
693,2258
694,2267
695,2282
696,2273
697,2274
698,2284
699,2284
700,2293
701,2304
702,2319
703,2308
704,2325
705,2318
706,2334
707,2342
708,2340
709,2348
710,2358
711,2358
712,2370
713,2357
714,2360
715,2374
716,2381
717,2385
718,2380
719,2396
720,2397
721,2404
722,2411
723,2417
724,2412
725,2413
726,2435
727,2428
728,2432
729,2452
730,2443
731,2466
732,2461
733,2476
734,2476
735,2486
736,2483
737,2494
738,2490
739,2503
740,2502
741,2501
742,2506
743,2508
744,2521
745,2524
746,2522
747,2527
748,2531
749,2541
750,2553
751,2546
752,2548
753,2574
754,2559
755,2569
756,2581
757,2596
758,2584
759,2603
760,2594
761,2597
762,2609
763,2627
764,2611
765,2634
766,2632
767,2623
768,2639
769,2657
770,2658
771,2658
772,2651
773,2675
774,2666
775,2665
776,2683
777,2686
778,2694
779,2702
780,2695
781,2714
782,2698
783,2714
784,2711
785,2716
786,2727
787,2723
788,2727
789,2758
790,2763
791,2767
792,2767
793,2772
794,2772
795,2771
796,2777
797,2784
798,2798
799,2799
800,2788
801,2815
802,2820
803,2826
804,2817
805,2811
806,2843
807,2832
808,2828
809,2854
810,2848
811,2856
812,2855
813,2862
814,2866
815,2887
816,2890
817,2875
818,2891
819,2887
820,2892
821,2907
822,2923
823,2914
824,2912
825,2933
826,2941
827,2936
828,2938
829,2941
830,2963
831,2950
832,2972
833,2971
834,2968
835,2972
836,2977
837,2990
838,2986
839,3000
840,2993
841,3006
842,3001
843,3026
844,3017
845,3032
846,3035
847,3029
848,3046
849,3038
850,3039
851,3069
852,3066
853,3060
854,3071
855,3083
856,3088
857,3080
858,3085
859,3105
860,3098
861,3100
862,3115
863,3107
864,3127
865,3122
866,3116
867,3147
868,3128
869,3137
870,3163
871,3144
872,3174
873,3169
874,3160
875,3164
876,3182
877,3197
878,3181
879,3183
880,3207
881,3218
882,3210
883,3217
884,3231
885,3217
886,3218
887,3244
888,3250
889,3240
890,3251
891,3260
892,3259
893,3268
894,3282
895,3263
896,3287
897,3290
898,3303
899,3283
900,3299
901,3297
902,3298
903,3316
904,3312
905,3338
906,3325
907,3345
908,3352
909,3330
910,3350
911,3349
912,3351
913,3352
914,3376
915,3369
916,3364
917,3386
918,3384
919,3411
920,3391
921,3403
922,3420
923,3412
924,3418
925,3425
926,3431
927,3424
928,3437
929,3461
930,3458
931,3470
932,3450
933,3468
934,3477
935,3457
936,3490
937,3497
938,3484
939,3486
940,3488
941,3516
942,3494
943,3509
944,3506
945,3534
946,3522
947,3538
948,3539
949,3550
950,3565
951,3550
952,3553
953,3550
954,3587
955,3579
956,3570
957,3595
958,3603
959,3581
960,3614
961,3607
962,3594
963,3603
964,3606
965,3620
966,3628
967,3629
968,3641
969,3659
970,3644
971,3637
972,3652
973,3647
974,3675
975,3664
976,3679
977,3685
978,3692
979,3702
980,3696
981,3701
982,3720
983,3712
984,3728
985,3724
986,3738
987,3744
988,3742
989,3741
990,3736
991,3746
992,3761
993,3765
994,3751
995,3783
996,3789
997,3766
998,3785
999,3808
1000,3811
1000
1,0
2,1
3,3
4,4
5,5
6,5
7,7
8,8
9,9
10,10
11,10
12,12
13,13
14,14
15,14
16,16
17,17
18,17
19,18
20,19
21,21
22,22
23,22
24,23
25,25
26,25
27,26
28,28
29,28
30,30
31,30
32,31
33,32
34,34
35,35
36,36
37,37
38,38
39,38
40,40
41,41
42,42
43,42
44,44
45,44
46,46
47,46
48,47
49,48
50,49
51,51
52,51
53,53
54,54
55,55
56,56
57,56
58,57
59,58
60,59
61,60
62,61
63,62
64,64
65,64
66,65
67,66
68,67
69,69
70,69
71,70
72,72
73,73
74,74
75,74
76,76
77,76
78,77
79,78
80,80
81,80
82,82
83,82
84,83
85,84
86,85
87,87
88,87
89,88
90,90
91,90
92,92
93,93
94,93
95,94
96,96
97,96
98,98
99,99
100,100
101,99
102,98
103,96
104,95
105,95
106,94
107,92
108,91
109,90
110,90
111,89
112,87
113,86
114,86
115,85
116,83
117,83
118,82
119,80
120,80
121,79
122,77
123,77
124,75
125,75
126,74
127,73
128,71
129,70
130,70
131,68
132,68
133,67
134,65
135,64
136,64
137,62
138,62
139,60
140,59
141,59
142,58
143,57
144,56
145,54
146,53
147,53
148,52
149,50
150,49
151,49
152,47
153,46
154,45
155,45
156,44
157,43
158,42
159,40
160,39
161,38
162,37
163,37
164,35
165,35
166,33
167,33
168,31
169,31
170,30
171,29
172,28
173,26
174,25
175,25
176,24
177,23
178,21
179,21
180,20
181,18
182,18
183,17
184,15
185,14
186,14
187,13
188,11
189,10
190,9
191,8
192,8
193,6
194,5
195,5
196,4
197,3
198,1
199,1
200,0
201,2
202,5
203,9
204,11
205,15
206,18
207,20
208,24
209,26
210,29
211,33
212,35
213,38
214,41
215,44
216,47
217,50
218,54
219,56
220,59
221,62
222,66
223,69
224,72
225,74
226,77
227,81
228,83
229,86
230,89
231,93
232,95
233,99
234,102
235,105
236,107
237,110
238,113
239,117
240,120
241,122
242,126
243,128
244,131
245,134
246,137
247,141
248,143
249,146
250,150
251,153
252,155
253,158
254,161
255,165
256,168
257,171
258,174
259,176
260,179
261,183
262,186
263,189
264,191
265,195
266,198
267,200
268,204
269,206
270,209
271,212
272,216
273,218
274,221
275,226
276,227
277,230
278,234
279,238
280,239
281,244
282,246
283,250
284,251
285,256
286,256
287,261
288,263
289,266
290,270
291,272
292,275
293,277
294,283
295,283
296,287
297,290
298,294
299,297
300,301
301,303
302,308
303,316
304,320
305,324
306,331
307,335
308,339
309,345
310,350
311,354
312,358
313,364
314,368
315,375
316,379
317,384
318,388
319,395
320,400
321,403
322,410
323,416
324,421
325,425
326,430
327,434
328,441
329,444
330,448
331,453
332,458
333,465
334,470
335,474
336,479
337,483
338,491
339,495
340,502
341,506
342,510
343,514
344,517
345,524
346,529
347,535
348,539
349,546
350,551
351,557
352,558
353,567
354,567
355,573
356,579
357,585
358,590
359,594
360,602
361,605
362,612
363,614
364,620
365,623
366,629
367,632
368,639
369,644
370,650
371,651
372,663
373,661
374,669
375,673
376,681
377,682
378,687
379,697
380,698
381,702
382,709
383,714
384,721
385,723
386,730
387,737
388,741
389,744
390,749
391,756
392,756
393,763
394,772
395,772
396,781
397,782
398,790
399,796
400,798
401,802
402,806
403,816
404,823
405,827
406,831
407,833
408,842
409,847
410,851
411,856
412,857
413,864
414,868
415,871
416,881
417,882
418,890
419,898
420,897
421,909
422,907
423,919
424,917
425,923
426,930
427,931
428,941
429,941
430,947
431,952
432,962
433,960
434,968
435,974
436,976
437,980
438,993
439,993
440,998
441,1003
442,1010
443,1013
444,1021
445,1020
446,1030
447,1038
448,1037
449,1050
450,1047
451,1050
452,1058
453,1062
454,1073
455,1070
456,1081
457,1090
458,1087
459,1090
460,1097
461,1101
462,1109
463,1120
464,1118
465,1126
466,1130
467,1132
468,1134
469,1139
470,1150
471,1155
472,1162
473,1168
474,1171
475,1172
476,1181
477,1186
478,1190
479,1199
480,1202
481,1203
482,1207
483,1216
484,1220
485,1225
486,1232
487,1235
488,1234
489,1243
490,1250
491,1248
492,1265
493,1266
494,1273
495,1269
496,1278
497,1289
498,1296
499,1293
500,1305
501,1301
502,1310
503,1318
504,1313
505,1323
506,1330
507,1340
508,1338
509,1338
510,1353
511,1361
512,1354
513,1370
514,1365
515,1373
516,1384
517,1384
518,1385
519,1394
520,1399
521,1405
522,1403
523,1419
524,1419
525,1431
526,1432
527,1429
528,1438
529,1438
530,1446
531,1455
532,1465
533,1463
534,1477
535,1471
536,1479
537,1486
538,1490
539,1495
540,1506
541,1504
542,1514
543,1513
544,1521
545,1518
546,1536
547,1534
548,1538
549,1537
550,1554
551,1553
552,1559
553,1558
554,1573
555,1572
556,1574
557,1578
558,1596
559,1589
560,1597
561,1607
562,1615
563,1622
564,1627
565,1625
566,1636
567,1640
568,1643
569,1645
570,1651
571,1657
572,1653
573,1664
574,1669
575,1667
576,1672
577,1677
578,1685
579,1702
580,1695
581,1701
582,1706
583,1713
584,1711
585,1725
586,1728
587,1736
588,1739
589,1738
590,1748
591,1759
592,1762
593,1767
594,1774
595,1778
596,1775
597,1793
598,1791
599,1802
600,1791
601,1796
602,1805
603,1818
604,1825
605,1830
606,1834
607,1832
608,1837
609,1849
610,1851
611,1862
612,1857
613,1870
614,1869
615,1870
616,1877
617,1878
618,1891
619,1896
620,1902
621,1903
622,1904
623,1908
624,1912
625,1932
626,1933
627,1942
628,1940
629,1941
630,1950
631,1953
632,1966
633,1970
634,1976
635,1970
636,1983
637,1984
638,1994
639,1988
640,1993
641,2012
642,2018
643,2015
644,2020
645,2018
646,2028
647,2044
648,2035
649,2035
650,2044
651,2050
652,2068
653,2070
654,2067
655,2084
656,2088
657,2075
658,2080
659,2097
660,2103
661,2104
662,2105
663,2120
664,2110
665,2118
666,2122
667,2141
668,2140
669,2152
670,2153
671,2165
672,2157
673,2154
674,2179
675,2183
676,2179
677,2186
678,2186
679,2191
680,2208
681,2194
682,2201
683,2220
684,2215
685,2214
686,2227
687,2233
688,2245
689,2244
690,2256
691,2247
692,2255
693,2267
694,2272
695,2284
696,2270
697,2286
698,2297
699,2305
700,2305
701,2305
702,2298
703,2320
704,2314
705,2324
706,2319
707,2330
708,2348
709,2339
710,2350
711,2357
712,2364
713,2369
714,2372
715,2365
716,2389
717,2384
718,2393
719,2389
720,2400
721,2402
722,2414
723,2419
724,2409
725,2416
726,2428
727,2431
728,2443
729,2453
730,2440
731,2449
732,2468
733,2462
734,2465
735,2486
736,2480
737,2480
738,2483
739,2505
740,2495
741,2511
742,2509
743,2514
744,2525
745,2525
746,2537
747,2533
748,2541
749,2550
750,2560
751,2562
752,2566
753,2571
754,2557
755,2573
756,2579
757,2593
758,2599
759,2587
760,2610
761,2615
762,2618
763,2611
764,2611
765,2627
766,2626
767,2639
768,2636
769,2641
770,2640
771,2642
772,2651
773,2651
774,2680
775,2670
776,2674
777,2687
778,2685
779,2706
780,2689
781,2703
782,2721
783,2723
784,2713
785,2721
786,2737
787,2739
788,2750
789,2748
790,2739
791,2767
792,2756
793,2757
794,2769
795,2786
796,2767
797,2787
798,2776
799,2794
800,2793
801,2799
802,2798
803,2827
804,2832
805,2814
806,2829
807,2847
808,2830
809,2857
810,2852
811,2860
812,2852
813,2875
814,2874
815,2878
816,2872
817,2890
818,2892
819,2902
820,2905
821,2914
822,2910
823,2920
824,2908
825,2916
826,2924
827,2939
828,2941
829,2934
830,2944
831,2953
832,2950
833,2966
834,2957
835,2989
836,2988
837,2986
838,2984
839,2999
840,2999
841,2999
842,3013
843,3029
844,3023
845,3017
846,3022
847,3022
848,3035
849,3032
850,3059
851,3039
852,3046
853,3051
854,3075
855,3061
856,3076
857,3100
858,3078
859,3087
860,3110
861,3097
862,3110
863,3106
864,3118
865,3118
866,3136
867,3134
868,3152
869,3159
870,3147
871,3152
872,3171
873,3155
874,3155
875,3159
876,3187
877,3179
878,3174
879,3199
880,3204
881,3209
882,3205
883,3224
884,3209
885,3213
886,3222
887,3226
888,3225
889,3244
890,3248
891,3254
892,3271
893,3256
894,3282
895,3290
896,3290
897,3286
898,3282
899,3305
900,3297
901,3301
902,3298
903,3318
904,3312
905,3338
906,3320
907,3320
908,3325
909,3329
910,3345
911,3345
912,3363
913,3355
914,3382
915,3375
916,3363
917,3374
918,3378
919,3408
920,3391
921,3401
922,3406
923,3402
924,3420
925,3429
926,3414
927,3432
928,3440
929,3430
930,3457
931,3453
932,3453
933,3451
934,3482
935,3465
936,3465
937,3486
938,3476
939,3493
940,3514
941,3506
942,3524
943,3506
944,3504
945,3525
946,3533
947,3538
948,3543
949,3549
950,3544
951,3545
952,3562
953,3553
954,3581
955,3558
956,3583
957,3578
958,3593
959,3604
960,3582
961,3602
962,3615
963,3626
964,3618
965,3629
966,3619
967,3642
968,3625
969,3662
970,3645
971,3655
972,3663
973,3660
974,3665
975,3684
976,3673
977,3700
978,3689
979,3696
980,3708
981,3691
982,3727
983,3698
984,3702
985,3711
986,3718
987,3716
988,3751
989,3742
990,3745
991,3764
992,3754
993,3780
994,3763
995,3771
996,3786
997,3797
998,3805
999,3779
1000,3801
1000
1,3
2,5
3,9
4,11
5,14
6,18
7,20
8,21
9,28
10,27
11,35
12,33
13,40
14,41
15,45
16,43
17,48
18,54
19,62
20,63
21,61
22,64
23,71
24,77
25,77
26,80
27,84
28,87
29,92
30,96
31,100
32,105
33,102
34,108
35,96
36,114
37,108
38,123
39,124
40,114
41,131
42,132
43,140
44,134
45,138
46,126
47,146
48,139
49,144
50,159
51,161
52,170
53,172
54,172
55,162
56,164
57,174
58,164
59,168
60,165
61,199
62,172
63,180
64,190
65,195
66,200
67,197
68,199
69,187
70,200
71,233
72,217
73,203
74,209
75,226
76,230
77,225
78,241
79,244
80,227
81,227
82,237
83,245
84,270
85,278
86,279
87,248
88,241
89,257
90,254
91,282
92,272
93,305
94,305
95,301
96,280
97,289
98,310
99,270
100,321
101,319
102,284
103,333
104,326
105,292
106,295
107,296
108,326
109,348
110,357
111,327
112,323
113,370
114,319
115,370
116,365
117,373
118,328
119,328
120,363
121,352
122,369
123,370
124,344
125,397
126,384
127,387
128,386
129,371
130,382
131,391
132,430
133,402
134,365
135,382
136,378
137,386
138,430
139,404
140,458
141,384
142,454
143,415
144,439
145,470
146,406
147,406
148,478
149,404
150,413
151,442
152,481
153,497
154,483
155,462
156,468
157,488
158,492
159,459
160,452
161,488
162,534
163,462
164,476
165,500
166,516
167,463
168,502
169,501
170,536
171,550
172,470
173,510
174,520
175,512
176,527
177,582
178,546
179,503
180,530
181,531
182,552
183,497
184,518
185,501
186,611
187,524
188,601
189,527
190,614
191,541
192,519
193,586
194,617
195,625
196,608
197,563
198,641
199,575
200,645
201,637
202,647
203,592
204,559
205,629
206,572
207,560
208,673
209,678
210,650
211,591
212,618
213,581
214,637
215,648
216,664
217,645
218,606
219,634
220,624
221,597
222,603
223,604
224,738
225,670
226,705
227,736
228,673
229,674
230,717
231,631
232,742
233,756
234,650
235,712
236,647
237,723
238,670
239,677
240,650
241,679
242,797
243,679
244,759
245,717
246,794
247,796
248,710
249,795
250,781
251,780
252,797
253,733
254,702
255,837
256,784
257,717
258,735
259,705
260,856
261,709
262,744
263,726
264,756
265,762
266,792
267,750
268,735
269,815
270,770
271,823
272,818
273,759
274,902
275,788
276,789
277,757
278,758
279,858
280,887
281,839
282,906
283,930
284,836
285,854
286,817
287,928
288,898
289,833
290,895
291,938
292,911
293,867
294,938
295,931
296,895
297,836
298,862
299,814
300,810
301,815
302,820
303,832
304,902
305,971
306,951
307,956
308,988
309,839
310,903
311,997
312,876
313,951
314,923
315,855
316,856
317,883
318,1013
319,879
320,966
321,942
322,1012
323,891
324,1023
325,920
326,1061
327,1055
328,958
329,1014
330,1060
331,1076
332,1029
333,1052
334,983
335,980
336,965
337,922
338,1063
339,1036
340,941
341,1029
342,997
343,954
344,1117
345,933
346,1102
347,1071
348,1015
349,985
350,990
351,1043
352,1115
353,1093
354,966
355,1048
356,1027
357,1018
358,1007
359,1145
360,1166
361,1070
362,1165
363,1127
364,1158
365,1177
366,1082
367,1117
368,1192
369,1114
370,1116
371,1048
372,1146
373,1024
374,1181
375,1156
376,1200
377,1134
378,1071
379,1180
380,1055
381,1232
382,1053
383,1114
384,1155
385,1070
386,1214
387,1179
388,1133
389,1213
390,1143
391,1168
392,1220
393,1110
394,1256
395,1107
396,1078
397,1237
398,1144
399,1158
400,1216
401,1237
402,1093
403,1278
404,1309
405,1206
406,1199
407,1100
408,1142
409,1244
410,1212
411,1122
412,1335
413,1286
414,1173
415,1297
416,1177
417,1280
418,1292
419,1217
420,1355
421,1386
422,1254
423,1217
424,1321
425,1226
426,1359
427,1234
428,1389
429,1378
430,1252
431,1383
432,1417
433,1321
434,1408
435,1336
436,1257
437,1382
438,1278
439,1302
440,1348
441,1308
442,1421
443,1369
444,1245
445,1302
446,1346
447,1472
448,1418
449,1401
450,1285
451,1355
452,1405
453,1451
454,1360
455,1290
456,1306
457,1483
458,1414
459,1251
460,1482
461,1320
462,1280
463,1481
464,1306
465,1352
466,1388
467,1267
468,1302
469,1366
470,1481
471,1463
472,1333
473,1330
474,1458
475,1406
476,1384
477,1290
478,1322
479,1343
480,1434
481,1518
482,1503
483,1570
484,1461
485,1382
486,1532
487,1538
488,1376
489,1597
490,1537
491,1419
492,1406
493,1372
494,1410
495,1496
496,1559
497,1545
498,1545
499,1450
500,1531
501,1609
502,1634
503,1650
504,1494
505,1555
506,1512
507,1486
508,1590
509,1654
510,1438
511,1619
512,1392
513,1676
514,1624
515,1525
516,1419
517,1553
518,1599
519,1693
520,1607
521,1450
522,1455
523,1455
524,1526
525,1710
526,1606
527,1658
528,1587
529,1470
530,1480
531,1741
532,1697
533,1501
534,1559
535,1477
536,1508
537,1576
538,1722
539,1622
540,1621
541,1694
542,1530
543,1745
544,1644
545,1532
546,1775
547,1789
548,1775
549,1537
550,1727
551,1586
552,1559
553,1823
554,1709
555,1675
556,1602
557,1639
558,1539
559,1767
560,1786
561,1524
562,1580
563,1620
564,1791
565,1720
566,1772
567,1667
568,1785
569,1828
570,1798
571,1841
572,1826
573,1654
574,1785
575,1891
576,1731
577,1626
578,1649
579,1701
580,1722
581,1595
582,1829
583,1902
584,1877
585,1860
586,1797
587,1781
588,1652
589,1802
590,1915
591,1758
592,1729
593,1767
594,1857
595,1885
596,1769
597,1783
598,1895
599,1876
600,1900
601,1695
602,1977
603,1819
604,1882
605,1951
606,1762
607,1735
608,1956
609,1817
610,1847
611,1916
612,1692
613,1785
614,1855
615,1834
616,2031
617,1893
618,1708
619,1785
620,2034
621,1987
622,1801
623,1751
624,1794
625,1814
626,1808
627,2028
628,1927
629,1951
630,1893
631,1872
632,1859
633,1856
634,2042
635,1940
636,1736
637,2052
638,1747
639,1859
640,2083
641,1844
642,1815
643,2096
644,1798
645,1900
646,1806
647,1766
648,1914
649,1865
650,2083
651,2111
652,1972
653,2041
654,2074
655,2106
656,1815
657,1896
658,1873
659,1833
660,1793
661,1864
662,1793
663,1983
664,1842
665,1854
666,1987
667,1881
668,2095
669,1820
670,2154
671,1976
672,1985
673,2106
674,1951
675,1837
676,2142
677,2206
678,2156
679,1978
680,1978
681,2024
682,1914
683,2050
684,2132
685,1894
686,2222
687,2233
688,2173
689,2203
690,2033
691,1886
692,2004
693,2033
694,2108
695,1999
696,2232
697,1883
698,2086
699,2106
700,2087
701,2059
702,2281
703,1960
704,2111
705,2148
706,2169
707,1946
708,1944
709,2290
710,2259
711,2174
712,2087
713,2144
714,1987
715,2053
716,1986
717,2020
718,2121
719,2084
720,2197
721,2001
722,2110
723,2038
724,1981
725,2328
726,2214
727,2331
728,2353
729,2078
730,2080
731,2306
732,2381
733,2092
734,2234
735,2337
736,2293
737,2211
738,2208
739,2072
740,2019
741,2230
742,2302
743,2238
744,2255
745,2306
746,2193
747,2228
748,2212
749,2207
750,2148
751,2298
752,2177
753,2129
754,2190
755,2121
756,2350
757,2260
758,2343
759,2343
760,2495
761,2501
762,2412
763,2125
764,2357
765,2157
766,2216
767,2132
768,2513
769,2484
770,2526
771,2268
772,2360
773,2254
774,2118
775,2278
776,2222
777,2502
778,2239
779,2245
780,2160
781,2336
782,2357
783,2471
784,2180
785,2533
786,2215
787,2424
788,2386
789,2335
790,2373
791,2487
792,2247
793,2160
794,2491
795,2591
796,2192
797,2197
798,2546
799,2370
800,2467
801,2601
802,2535
803,2614
804,2428
805,2284
806,2558
807,2198
808,2368
809,2614
810,2586
811,2221
812,2486
813,2402
814,2395
815,2382
816,2484
817,2548
818,2437
819,2314
820,2669
821,2302
822,2239
823,2567
824,2319
825,2270
826,2440
827,2445
828,2550
829,2281
830,2671
831,2526
832,2501
833,2524
834,2373
835,2714
836,2550
837,2367
838,2679
839,2657
840,2330
841,2398
842,2586
843,2307
844,2385
845,2542
846,2434
847,2556
848,2598
849,2306
850,2466
851,2607
852,2806
853,2525
854,2460
855,2629
856,2724
857,2591
858,2747
859,2809
860,2604
861,2637
862,2547
863,2773
864,2714
865,2617
866,2549
867,2645
868,2535
869,2705
870,2506
871,2606
872,2424
873,2504
874,2880
875,2697
876,2450
877,2540
878,2762
879,2827
880,2695
881,2379
882,2724
883,2672
884,2819
885,2510
886,2655
887,2475
888,2617
889,2724
890,2722
891,2864
892,2412
893,2604
894,2746
895,2528
896,2897
897,2646
898,2924
899,2519
900,2657
901,2600
902,2703
903,2741
904,2694
905,2481
906,2936
907,2537
908,2774
909,2843
910,2698
911,2746
912,2652
913,2760
914,2961
915,2899
916,2688
917,2943
918,3021
919,2725
920,2910
921,2638
922,3040
923,2791
924,2553
925,2690
926,2903
927,2526
928,3035
929,2775
930,2587
931,3041
932,2615
933,2528
934,2996
935,3047
936,2853
937,2809
938,3073
939,2559
940,2844
941,2994
942,2683
943,2664
944,2556
945,2742
946,2694
947,2615
948,2902
949,3062
950,2728
951,2680
952,2595
953,2751
954,3133
955,2815
956,3057
957,3062
958,2685
959,2771
960,2770
961,3067
962,2604
963,2719
964,3171
965,2618
966,3161
967,2648
968,2809
969,2744
970,2877
971,3036
972,3181
973,2634
974,2728
975,2709
976,2751
977,3150
978,2933
979,2836
980,2794
981,2750
982,2696
983,3033
984,3124
985,2819
986,2739
987,3216
988,2716
989,2892
990,2998
991,2981
992,3129
993,2864
994,2800
995,2861
996,2741
997,3186
998,3036
999,3266
1000,2705
1000
1,3
2,5
3,9
4,12
5,13
6,17
7,19
8,25
9,26
10,27
11,31
12,32
13,41
14,39
15,45
16,52
17,50
18,56
19,57
20,61
21,66
22,67
23,71
24,71
25,76
26,85
27,82
28,86
29,82
30,91
31,85
32,91
33,91
34,92
35,101
36,107
37,118
38,106
39,110
40,120
41,135
42,119
43,139
44,133
45,132
46,140
47,131
48,130
49,133
50,154
51,163
52,149
53,150
54,152
55,157
56,155
57,157
58,167
59,174
60,188
61,173
62,171
63,193
64,180
65,194
66,217
67,191
68,184
69,215
70,192
71,213
72,231
73,216
74,228
75,205
76,222
77,228
78,231
79,230
80,247
81,261
82,247
83,239
84,255
85,234
86,256
87,259
88,272
89,244
90,287
91,261
92,264
93,265
94,272
95,258
96,276
97,298
98,264
99,271
100,322
101,281
102,317
103,291
104,288
105,306
106,333
107,333
108,347
109,295
110,300
111,331
112,310
113,348
114,343
115,347
116,316
117,317
118,359
119,382
120,361
121,362
122,383
123,378
124,351
125,403
126,386
127,379
128,379
129,353
130,401
131,376
132,396
133,437
134,426
135,383
136,446
137,382
138,427
139,441
140,408
141,411
142,455
143,418
144,472
145,460
146,441
147,406
148,411
149,490
150,485
151,457
152,459
153,424
154,417
155,503
156,448
157,426
158,475
159,489
160,522
161,451
162,448
163,496
164,473
165,478
166,486
167,547
168,493
169,552
170,471
171,497
172,476
173,471
174,518
175,525
176,500
177,539
178,493
179,557
180,503
181,515
182,594
183,520
184,598
185,558
186,525
187,581
188,529
189,608
190,595
191,590
192,577
193,528
194,557
195,592
196,596
197,598
198,596
199,578
200,641
201,630
202,611
203,597
204,582
205,659
206,637
207,656
208,601
209,689
210,624
211,689
212,621
213,615
214,632
215,596
216,626
217,592
218,661
219,655
220,663
221,713
222,609
223,635
224,639
225,696
226,703
227,741
228,682
229,666
230,687
231,742
232,648
233,658
234,769
235,639
236,755
237,773
238,693
239,745
240,654
241,776
242,711
243,739
244,798
245,806
246,687
247,806
248,788
249,792
250,817
251,813
252,798
253,806
254,773
255,791
256,798
257,792
258,771
259,766
260,726
261,802
262,814
263,788
264,804
265,860
266,741
267,773
268,853
269,833
270,832
271,774
272,836
273,862
274,812
275,792
276,896
277,808
278,775
279,915
280,886
281,877
282,918
283,857
284,829
285,887
286,839
287,895
288,909
289,863
290,872
291,921
292,891
293,901
294,914
295,936
296,934
297,821
298,880
299,882
300,814
301,942
302,950
303,820
304,947
305,832
306,966
307,994
308,874
309,982
310,937
311,1024
312,864
313,923
314,978
315,862
316,966
317,1014
318,1015
319,982
320,1013
321,949
322,920
323,1019
324,1010
325,1043
326,925
327,1041
328,1035
329,1064
330,1056
331,987
332,948
333,907
334,914
335,909
336,964
337,1085
338,948
339,946
340,1076
341,1115
342,1056
343,995
344,946
345,1018
346,957
347,964
348,1084
349,1117
350,1018
351,1012
352,1054
353,1065
354,1144
355,997
356,1026
357,984
358,1009
359,999
360,983
361,998
362,993
363,1127
364,1024
365,1175
366,1020
367,1188
368,1179
369,1028
370,1032
371,1200
372,1075
373,1172
374,1218
375,1209
376,1094
377,1232
378,1177
379,1128
380,1204
381,1157
382,1169
383,1056
384,1046
385,1177
386,1085
387,1252
388,1080
389,1148
390,1201
391,1270
392,1175
393,1155
394,1176
395,1126
396,1159
397,1243
398,1240
399,1259
400,1130
401,1223
402,1283
403,1324
404,1220
405,1185
406,1097
407,1341
408,1342
409,1113
410,1255
411,1304
412,1332
413,1158
414,1205
415,1343
416,1368
417,1181
418,1283
419,1322
420,1343
421,1183
422,1324
423,1343
424,1241
425,1192
426,1160
427,1270
428,1239
429,1258
430,1309
431,1238
432,1333
433,1344
434,1426
435,1250
436,1182
437,1274
438,1353
439,1347
440,1311
441,1320
442,1371
443,1432
444,1453
445,1230
446,1351
447,1243
448,1281
449,1423
450,1294
451,1403
452,1469
453,1227
454,1455
455,1491
456,1334
457,1409
458,1352
459,1400
460,1355
461,1508
462,1469
463,1436
464,1478
465,1447
466,1275
467,1471
468,1336
469,1395
470,1493
471,1326
472,1469
473,1531
474,1387
475,1441
476,1520
477,1310
478,1373
479,1518
480,1372
481,1427
482,1589
483,1480
484,1553
485,1551
486,1453
487,1355
488,1488
489,1545
490,1596
491,1603
492,1605
493,1559
494,1497
495,1526
496,1568
497,1542
498,1396
499,1441
500,1547
501,1570
502,1515
503,1574
504,1645
505,1553
506,1630
507,1560
508,1446
509,1402
510,1628
511,1479
512,1610
513,1430
514,1432
515,1543
516,1694
517,1649
518,1496
519,1580
520,1557
521,1508
522,1577
523,1689
524,1448
525,1570
526,1468
527,1566
528,1740
529,1573
530,1452
531,1739
532,1600
533,1597
534,1474
535,1669
536,1744
537,1717
538,1753
539,1770
540,1741
541,1597
542,1643
543,1724
544,1753
545,1670
546,1744
547,1587
548,1660
549,1633
550,1538
551,1505
552,1494
553,1775
554,1781
555,1761
556,1510
557,1507
558,1538
559,1811
560,1635
561,1736
562,1569
563,1755
564,1536
565,1655
566,1835
567,1596
568,1786
569,1688
570,1547
571,1706
572,1640
573,1764
574,1567
575,1806
576,1639
577,1673
578,1830
579,1622
580,1825
581,1746
582,1572
583,1885
584,1732
585,1814
586,1645
587,1609
588,1840
589,1786
590,1598
591,1702
592,1659
593,1838
594,1785
595,1811
596,1736
597,1716
598,1795
599,1894
600,1947
601,1688
602,1714
603,1657
604,1965
605,1839
606,1648
607,1729
608,1948
609,1866
610,1793
611,1667
612,1882
613,1657
614,2015
615,2003
616,1852
617,1993
618,1830
619,1733
620,1710
621,1900
622,1947
623,1873
624,1721
625,1934
626,2010
627,1943
628,1878
629,1847
630,1929
631,1912
632,1835
633,1913
634,1852
635,1993
636,1787
637,1853
638,1868
639,2086
640,1751
641,1921
642,2020
643,1762
644,1805
645,1846
646,1883
647,1958
648,1877
649,1902
650,1839
651,1975
652,2150
653,2119
654,1827
655,2128
656,1868
657,2006
658,2000
659,1810
660,1923
661,1847
662,1819
663,1857
664,1937
665,2109
666,2122
667,1970
668,1940
669,1961
670,1859
671,2202
672,2097
673,2157
674,2031
675,1962
676,1933
677,2195
678,2081
679,2097
680,2009
681,2180
682,2157
683,2148
684,1907
685,2068
686,2034
687,2031
688,1907
689,1942
690,2147
691,2259
692,2203
693,2003
694,2271
695,2210
696,2174
697,2295
698,2154
699,1960
700,2136
701,2045
702,2088
703,1904
704,2312
705,2022
706,1948
707,1925
708,2207
709,2248
710,2063
711,2207
712,2237
713,2218
714,1931
715,2042
716,2017
717,2277
718,2302
719,2153
720,2216
721,1948
722,2343
723,2147
724,2206
725,2348
726,2139
727,2028
728,2188
729,2398
730,2237
731,1990
732,1980
733,2088
734,2300
735,2109
736,2203
737,2085
738,2210
739,2142
740,2068
741,2036
742,2138
743,2270
744,2278
745,2085
746,2229
747,2321
748,2326
749,2158
750,2378
751,2068
752,2072
753,2171
754,2299
755,2390
756,2186
757,2137
758,2405
759,2256
760,2194
761,2232
762,2096
763,2105
764,2344
765,2199
766,2262
767,2312
768,2196
769,2464
770,2256
771,2285
772,2202
773,2195
774,2279
775,2515
776,2453
777,2231
778,2293
779,2382
780,2137
781,2554
782,2508
783,2456
784,2225
785,2206
786,2458
787,2202
788,2405
789,2520
790,2408
791,2362
792,2170
793,2430
794,2203
795,2370
796,2294
797,2163
798,2257
799,2161
800,2512
801,2223
802,2216
803,2462
804,2409
805,2641
806,2531
807,2494
808,2369
809,2590
810,2514
811,2502
812,2535
813,2637
814,2570
815,2420
816,2287
817,2452
818,2680
819,2641
820,2626
821,2521
822,2435
823,2478
824,2287
825,2634
826,2441
827,2379
828,2678
829,2365
830,2697
831,2515
832,2606
833,2662
834,2577
835,2315
836,2402
837,2408
838,2519
839,2460
840,2277
841,2470
842,2674
843,2519
844,2715
845,2597
846,2502
847,2705
848,2521
849,2753
850,2626
851,2401
852,2527
853,2680
854,2390
855,2518
856,2442
857,2827
858,2496
859,2708
860,2373
861,2366
862,2584
863,2572
864,2576
865,2582
866,2683
867,2489
868,2844
869,2608
870,2411
871,2460
872,2681
873,2521
874,2862
875,2783
876,2739
877,2808
878,2841
879,2875
880,2385
881,2810
882,2779
883,2635
884,2745
885,2713
886,2779
887,2664
888,2729
889,2870
890,2886
891,2435
892,2702
893,2878
894,2459
895,2764
896,2754
897,2630
898,2666
899,2664
900,2827
901,2517
902,2491
903,2840
904,2756
905,2839
906,2452
907,2628
908,2632
909,2759
910,2654
911,2716
912,2578
913,2708
914,2959
915,2494
916,2866
917,2996
918,2613
919,2869
920,2925
921,3036
922,2913
923,2734
924,2924
925,2656
926,3034
927,2772
928,2635
929,2877
930,3048
931,3050
932,2935
933,2581
934,2611
935,2606
936,2899
937,2843
938,2785
939,2998
940,2937
941,2590
942,2653
943,2854
944,2995
945,2989
946,2766
947,2728
948,2928
949,2982
950,3130
951,2809
952,3009
953,2944
954,2723
955,2677
956,2702
957,2733
958,2912
959,3111
960,3026
961,2696
962,3073
963,2743
964,2624
965,2892
966,2691
967,2674
968,2644
969,2905
970,2868
971,2657
972,3050
973,3210
974,3161
975,3141
976,3167
977,2973
978,2713
979,3034
980,2920
981,2800
982,2887
983,3020
984,3197
985,3211
986,2877
987,2996
988,2789
989,2678
990,2969
991,2901
992,2710
993,3031
994,2865
995,3126
996,3016
997,3126
998,2732
999,3207
1000,2906
1000
1,2
2,6
3,9
4,11
5,13
6,16
7,21
8,22
9,26
10,31
11,33
12,32
13,35
14,38
15,47
16,43
17,53
18,56
19,61
20,54
21,57
22,66
23,74
24,70
25,72
26,75
27,87
28,77
29,86
30,82
31,85
32,96
33,97
34,110
35,96
36,114
37,115
38,121
39,122
40,118
41,124
42,126
43,130
44,125
45,147
46,143
47,152
48,139
49,151
50,153
51,157
52,164
53,147
54,162
55,180
56,166
57,176
58,173
59,167
60,181
61,193
62,187
63,177
64,173
65,202
66,217
67,205
68,190
69,187
70,225
71,204
72,204
73,206
74,213
75,205
76,239
77,213
78,222
79,241
80,234
81,227
82,222
83,230
84,255
85,246
86,260
87,270
88,255
89,268
90,243
91,258
92,273
93,297
94,303
95,308
96,294
97,302
98,311
99,286
100,319
101,325
102,301
103,291
104,296
105,296
106,332
107,331
108,302
109,354
110,347
111,357
112,319
113,338
114,344
115,364
116,337
117,315
118,379
119,363
120,360
121,381
122,388
123,370
124,367
125,352
126,398
127,388
128,385
129,349
130,410
131,369
132,368
133,375
134,425
135,432
136,426
137,389
138,453
139,453
140,379
141,381
142,419
143,417
144,416
145,444
146,431
147,402
148,399
149,469
150,480
151,483
152,488
153,495
154,454
155,477
156,510
157,490
158,520
159,441
160,468
161,439
162,533
163,459
164,493
165,474
166,491
167,455
168,476
169,534
170,554
171,512
172,540
173,505
174,535
175,495
176,519
177,508
178,544
179,532
180,519
181,543
182,598
183,500
184,573
185,533
186,509
187,530
188,552
189,559
190,568
191,620
192,542
193,632
194,546
195,564
196,544
197,612
198,647
199,568
200,632
201,545
202,565
203,666
204,632
205,584
206,665
207,572
208,658
209,576
210,646
211,633
212,694
213,629
214,578
215,637
216,678
217,598
218,667
219,714
220,602
221,699
222,648
223,721
224,664
225,701
226,719
227,696
228,635
229,645
230,638
231,682
232,733
233,631
234,748
235,638
236,644
237,662
238,768
239,678
240,652
241,705
242,765
243,764
244,737
245,807
246,773
247,770
248,681
249,700
250,758
251,745
252,701
253,742
254,821
255,770
256,833
257,846
258,833
259,719
260,796
261,853
262,843
263,712
264,718
265,805
266,846
267,779
268,728
269,872
270,804
271,784
272,772
273,776
274,888
275,867
276,836
277,907
278,784
279,763
280,799
281,804
282,779
283,847
284,890
285,808
286,852
287,920
288,933
289,839
290,806
291,957
292,869
293,848
294,841
295,804
296,940
297,844
298,908
299,937
300,928
301,917
302,928
303,938
304,972
305,932
306,929
307,860
308,906
309,900
310,937
311,899
312,878
313,998
314,863
315,1001
316,1010
317,954
318,987
319,927
320,867
321,877
322,1051
323,930
324,987
325,878
326,989
327,891
328,1017
329,967
330,954
331,1065
332,1077
333,1007
334,1002
335,912
336,1042
337,935
338,1107
339,1040
340,1002
341,1020
342,938
343,1085
344,973
345,946
346,1138
347,968
348,1017
349,1100
350,995
351,971
352,1021
353,995
354,1026
355,1008
356,1114
357,1162
358,996
359,989
360,1124
361,1018
362,1162
363,1106
364,1122
365,1083
366,1079
367,1162
368,998
369,1060
370,1210
371,1175
372,1181
373,1220
374,1069
375,1070
376,1029
377,1036
378,1235
379,1107
380,1065
381,1197
382,1043
383,1202
384,1111
385,1185
386,1271
387,1274
388,1177
389,1128
390,1180
391,1241
392,1138
393,1193
394,1215
395,1230
396,1217
397,1122
398,1270
399,1257
400,1212
401,1163
402,1096
403,1176
404,1253
405,1244
406,1280
407,1133
408,1316
409,1265
410,1298
411,1179
412,1347
413,1247
414,1154
415,1204
416,1336
417,1372
418,1193
419,1327
420,1302
421,1324
422,1264
423,1212
424,1251
425,1195
426,1359
427,1168
428,1295
429,1173
430,1249
431,1251
432,1253
433,1244
434,1281
435,1204
436,1197
437,1350
438,1265
439,1271
440,1246
441,1294
442,1443
443,1400
444,1292
445,1332
446,1398
447,1362
448,1263
449,1395
450,1250
451,1452
452,1366
453,1479
454,1455
455,1286
456,1285
457,1388
458,1286
459,1397
460,1515
461,1375
462,1456
463,1381
464,1490
465,1523
466,1509
467,1484
468,1529
469,1400
470,1520
471,1341
472,1285
473,1466
474,1435
475,1489
476,1542
477,1356
478,1331
479,1480
480,1308
481,1561
482,1379
483,1458
484,1469
485,1313
486,1489
487,1545
488,1416
489,1603
490,1370
491,1370
492,1460
493,1398
494,1627
495,1515
496,1633
497,1620
498,1632
499,1411
500,1389
501,1599
502,1530
503,1616
504,1573
505,1558
506,1478
507,1398
508,1388
509,1588
510,1654
511,1463
512,1530
513,1588
514,1690
515,1421
516,1402
517,1494
518,1699
519,1632
520,1685
521,1543
522,1681
523,1645
524,1515
525,1536
526,1462
527,1648
528,1437
529,1614
530,1670
531,1498
532,1555
533,1656
534,1643
535,1654
536,1762
537,1533
538,1722
539,1727
540,1509
541,1481
542,1684
543,1691
544,1470
545,1696
546,1551
547,1776
548,1528
549,1643
550,1567
551,1596
552,1612
553,1763
554,1512
555,1608
556,1804
557,1590
558,1651
559,1618
560,1747
561,1536
562,1537
563,1730
564,1635
565,1639
566,1681
567,1757
568,1548
569,1617
570,1548
571,1871
572,1707
573,1823
574,1649
575,1791
576,1735
577,1744
578,1786
579,1685
580,1575
581,1726
582,1899
583,1693
584,1792
585,1827
586,1626
587,1911
588,1739
589,1762
590,1694
591,1766
592,1627
593,1708
594,1725
595,1739
596,1814
597,1736
598,1833
599,1776
600,1792
601,1651
602,1874
603,1802
604,1690
605,1880
606,1895
607,1854
608,1763
609,1838
610,1833
611,1954
612,1903
613,1806
614,1908
615,1695
616,2005
617,1854
618,1728
619,1885
620,2044
621,2034
622,1773
623,1969
624,1944
625,1692
626,1953
627,1835
628,1907
629,1909
630,2012
631,1732
632,1810
633,1737
634,1793
635,1891
636,1831
637,1998
638,1755
639,1813
640,1789
641,2028
642,2021
643,2041
644,1753
645,2069
646,1850
647,1920
648,2135
649,1907
650,2097
651,1895
652,2007
653,2097
654,1782
655,1883
656,1949
657,2048
658,2133
659,2016
660,2049
661,1823
662,2173
663,1861
664,2120
665,1908
666,2061
667,1801
668,2146
669,1916
670,2090
671,2208
672,1864
673,1878
674,2207
675,2109
676,2197
677,2041
678,2104
679,2151
680,2208
681,1972
682,2113
683,1993
684,1956
685,2110
686,2069
687,2140
688,2141
689,2118
690,2016
691,1875
692,1949
693,2022
694,1910
695,2255
696,2266
697,2113
698,2190
699,1975
700,2191
701,2276
702,1895
703,2221
704,2217
705,2044
706,2070
707,1944
708,1937
709,2123
710,2339
711,1924
712,2003
713,1939
714,2163
715,2251
716,2251
717,1952
718,2254
719,2005
720,1998
721,2317
722,2026
723,2244
724,2088
725,1978
726,2117
727,2373
728,2313
729,2193
730,2319
731,2083
732,2273
733,2210
734,2243
735,1988
736,2416
737,2327
738,2409
739,2198
740,2044
741,2033
742,2223
743,2266
744,2338
745,2029
746,2119
747,2319
748,2375
749,2063
750,2403
751,2190
752,2438
753,2138
754,2061
755,2310
756,2090
757,2097
758,2108
759,2271
760,2069
761,2318
762,2456
763,2198
764,2256
765,2194
766,2177
767,2386
768,2133
769,2388
770,2162
771,2264
772,2361
773,2494
774,2371
775,2315
776,2500
777,2397
778,2131
779,2264
780,2140
781,2153
782,2199
783,2379
784,2383
785,2294
786,2309
787,2543
788,2408
789,2519
790,2568
791,2275
792,2460
793,2583
794,2450
795,2424
796,2417
797,2447
798,2561
799,2299
800,2626
801,2201
802,2320
803,2406
804,2649
805,2559
806,2615
807,2278
808,2332
809,2633
810,2210
811,2669
812,2258
813,2505
814,2329
815,2458
816,2234
817,2537
818,2327
819,2528
820,2547
821,2556
822,2398
823,2536
824,2294
825,2496
826,2449
827,2401
828,2533
829,2371
830,2491
831,2679
832,2570
833,2632
834,2370
835,2449
836,2583
837,2263
838,2332
839,2668
840,2363
841,2648
842,2700
843,2714
844,2502
845,2576
846,2658
847,2565
848,2671
849,2459
850,2446
851,2311
852,2384
853,2576
854,2453
855,2471
856,2442
857,2403
858,2448
859,2759
860,2813
861,2444
862,2546
863,2838
864,2707
865,2497
866,2576
867,2725
868,2779
869,2841
870,2446
871,2789
872,2375
873,2754
874,2767
875,2508
876,2553
877,2408
878,2579
879,2613
880,2580
881,2533
882,2867
883,2492
884,2800
885,2627
886,2743
887,2754
888,2538
889,2590
890,2795
891,2636
892,2911
893,2841
894,2950
895,2801
896,2501
897,2459
898,2515
899,2554
900,2820
901,2630
902,2491
903,2666
904,2877
905,2648
906,2889
907,2746
908,2539
909,2756
910,2572
911,2793
912,2541
913,2636
914,2532
915,2683
916,2553
917,2920
918,2814
919,2800
920,2931
921,2709
922,2589
923,2723
924,2932
925,2802
926,2928
927,2893
928,2681
929,2606
930,2629
931,2850
932,2734
933,2669
934,2575
935,2626
936,2994
937,2987
938,2867
939,2551
940,2553
941,2947
942,2713
943,3057
944,2885
945,3072
946,2876
947,3021
948,3011
949,2713
950,2804
951,2811
952,3110
953,2808
954,2891
955,2681
956,2944
957,2768
958,2836
959,2645
960,3160
961,2909
962,2647
963,2945
964,3075
965,3157
966,2910
967,2777
968,3122
969,2647
970,2851
971,2686
972,2650
973,2959
974,3179
975,3077
976,3056
977,2882
978,2988
979,3090
980,2741
981,3095
982,2964
983,2743
984,2730
985,2814
986,2937
987,2739
988,2970
989,2820
990,3175
991,3026
992,2887
993,3205
994,3248
995,2689
996,3226
997,3289
998,3234
999,2957
1000,2757
1000
1,3
2,5
3,8
4,11
5,14
6,18
7,19
8,25
9,29
10,28
11,33
12,36
13,39
14,42
15,42
16,45
17,52
18,50
19,59
20,58
21,66
22,59
23,67
24,79
25,77
26,79
27,83
28,82
29,82
30,97
31,99
32,87
33,105
34,102
35,111
36,106
37,115
38,119
39,117
40,130
41,116
42,137
43,127
44,127
45,121
46,129
47,144
48,143
49,158
50,154
51,147
52,142
53,159
54,149
55,157
56,182
57,158
58,174
59,171
60,166
61,197
62,181
63,181
64,201
65,183
66,205
67,193
68,202
69,200
70,199
71,230
72,196
73,199
74,210
75,241
76,230
77,209
78,229
79,253
80,245
81,236
82,243
83,251
84,243
85,256
86,254
87,261
88,265
89,260
90,287
91,247
92,280
93,267
94,269
95,259
96,288
97,270
98,300
99,285
100,274
101,300
102,335
103,331
104,330
105,335
106,346
107,301
108,311
109,338
110,312
111,301
112,347
113,371
114,363
115,372
116,373
117,318
118,353
119,386
120,369
121,339
122,351
123,375
124,357
125,350
126,399
127,415
128,358
129,392
130,415
131,378
132,423
133,393
134,440
135,402
136,385
137,431
138,432
139,448
140,425
141,401
142,460
143,444
144,402
145,439
146,449
147,475
148,419
149,454
150,487
151,481
152,449
153,426
154,450
155,506
156,490
157,472
158,441
159,461
160,518
161,446
162,493
163,528
164,475
165,538
166,493
167,484
168,529
169,538
170,542
171,498
172,485
173,506
174,552
175,573
176,577
177,546
178,530
179,500
180,580
181,595
182,544
183,506
184,558
185,575
186,518
187,515
188,530
189,578
190,613
191,528
192,553
193,552
194,609
195,606
196,640
197,643
198,628
199,608
200,561
201,638
202,562
203,562
204,672
205,673
206,610
207,622
208,611
209,638
210,633
211,607
212,600
213,619
214,597
215,606
216,588
217,708
218,634
219,595
220,717
221,723
222,673
223,691
224,655
225,640
226,725
227,652
228,619
229,712
230,690
231,752
232,732
233,666
234,670
235,730
236,727
237,673
238,718
239,717
240,670
241,728
242,752
243,799
244,736
245,668
246,667
247,669
248,715
249,804
250,736
251,798
252,691
253,746
254,831
255,836
256,773
257,704
258,713
259,761
260,828
261,813
262,751
263,795
264,731
265,802
266,790
267,818
268,839
269,825
270,875
271,838
272,792
273,799
274,813
275,888
276,747
277,872
278,809
279,760
280,791
281,797
282,825
283,843
284,879
285,784
286,943
287,857
288,881
289,874
290,846
291,909
292,868
293,925
294,962
295,825
296,853
297,939
298,906
299,892
300,943
301,969
302,918
303,857
304,915
305,972
306,826
307,961
308,973
309,908
310,941
311,890
312,1026
313,938
314,1029
315,874
316,978
317,925
318,1004
319,902
320,1014
321,913
322,891
323,1055
324,876
325,1070
326,983
327,896
328,1036
329,1053
330,923
331,1072
332,918
333,903
334,1039
335,1096
336,1022
337,973
338,949
339,964
340,1081
341,965
342,968
343,974
344,987
345,1132
346,1048
347,1127
348,1132
349,1134
350,1049
351,1098
352,1103
353,1067
354,1068
355,1146
356,1054
357,1119
358,997
359,979
360,1050
361,1067
362,1072
363,1095
364,1014
365,1071
366,1112
367,1030
368,1180
369,1024
370,1104
371,1051
372,1010
373,1169
374,1022
375,1237
376,1053
377,1182
378,1058
379,1247
380,1075
381,1187
382,1164
383,1046
384,1141
385,1171
386,1141
387,1115
388,1188
389,1197
390,1079
391,1156
392,1139
393,1062
394,1123
395,1074
396,1082
397,1207
398,1236
399,1250
400,1098
401,1153
402,1092
403,1203
404,1155
405,1262
406,1330
407,1137
408,1128
409,1257
410,1228
411,1242
412,1165
413,1345
414,1258
415,1328
416,1226
417,1191
418,1198
419,1141
420,1205
421,1295
422,1366
423,1163
424,1244
425,1355
426,1180
427,1185
428,1405
429,1269
430,1329
431,1410
432,1274
433,1331
434,1341
435,1395
436,1241
437,1234
438,1437
439,1405
440,1443
441,1268
442,1426
443,1407
444,1330
445,1238
446,1247
447,1256
448,1330
449,1299
450,1274
451,1473
452,1263
453,1475
454,1257
455,1335
456,1388
457,1476
458,1292
459,1390
460,1498
461,1280
462,1323
463,1466
464,1365
465,1456
466,1479
467,1316
468,1431
469,1437
470,1348
471,1468
472,1282
473,1320
474,1369
475,1285
476,1440
477,1322
478,1356
479,1516
480,1532
481,1367
482,1310
483,1567
484,1543
485,1316
486,1471
487,1398
488,1426
489,1327
490,1423
491,1345
492,1581
493,1361
494,1475
495,1521
496,1342
497,1628
498,1516
499,1479
500,1609
501,1511
502,1430
503,1636
504,1655
505,1486
506,1505
507,1512
508,1600
509,1664
510,1617
511,1625
512,1439
513,1470
514,1438
515,1653
516,1622
517,1609
518,1434
519,1468
520,1613
521,1662
522,1412
523,1564
524,1604
525,1438
526,1535
527,1565
528,1612
529,1586
530,1675
531,1595
532,1592
533,1722
534,1564
535,1520
536,1733
537,1457
538,1653
539,1614
540,1591
541,1781
542,1464
543,1788
544,1667
545,1631
546,1708
547,1714
548,1590
549,1802
550,1788
551,1542
552,1744
553,1705
554,1611
555,1710
556,1807
557,1511
558,1568
559,1761
560,1819
561,1608
562,1787
563,1643
564,1801
565,1820
566,1647
567,1833
568,1628
569,1800
570,1802
571,1687
572,1795
573,1846
574,1623
575,1759
576,1751
577,1802
578,1712
579,1737
580,1883
581,1643
582,1639
583,1802
584,1703
585,1804
586,1635
587,1720
588,1748
589,1679
590,1715
591,1792
592,1655
593,1609
594,1873
595,1610
596,1654
597,1956
598,1964
599,1855
600,1634
601,1693
602,1817
603,1863
604,1927
605,1823
606,1965
607,1792
608,1982
609,1841
610,1920
611,1724
612,1899
613,1666
614,1785
615,1929
616,1868
617,1944
618,1991
619,1903
620,1965
621,1793
622,1833
623,1837
624,2025
625,1775
626,1831
627,1869
628,1907
629,2043
630,1788
631,2034
632,1889
633,1942
634,1779
635,1935
636,1980
637,1775
638,1996
639,2024
640,1728
641,1879
642,2007
643,2073
644,2023
645,1863
646,2105
647,2123
648,2084
649,2021
650,1995
651,1869
652,1904
653,1784
654,1807
655,1933
656,1831
657,1852
658,1798
659,2097
660,1861
661,2088
662,1890
663,1933
664,1920
665,1848
666,2057
667,2061
668,1911
669,1895
670,1989
671,2022
672,1998
673,1986
674,1842
675,2060
676,1878
677,1930
678,2100
679,2031
680,1918
681,2227
682,1903
683,1978
684,2086
685,2094
686,1978
687,1931
688,1974
689,2264
690,2213
691,1910
692,1875
693,2220
694,2018
695,2087
696,2162
697,2149
698,2110
699,2032
700,2049
701,2109
702,1920
703,1913
704,2069
705,2155
706,1974
707,2098
708,2243
709,2041
710,2090
711,2313
712,2305
713,2270
714,2310
715,2246
716,2239
717,2083
718,1957
719,2313
720,1987
721,2129
722,2149
723,2168
724,2345
725,2276
726,2371
727,2056
728,2001
729,2318
730,2011
731,2044
732,2311
733,2012
734,2271
735,2088
736,2134
737,2278
738,2021
739,2259
740,2232
741,2089
742,2089
743,2207
744,2311
745,2154
746,2426
747,2256
748,2443
749,2464
750,2253
751,2088
752,2397
753,2104
754,2156
755,2098
756,2328
757,2194
758,2342
759,2470
760,2263
761,2083
762,2155
763,2353
764,2087
765,2170
766,2303
767,2332
768,2150
769,2126
770,2292
771,2173
772,2135
773,2537
774,2182
775,2452
776,2413
777,2250
778,2552
779,2464
780,2279
781,2337
782,2132
783,2212
784,2134
785,2400
786,2253
787,2216
788,2559
789,2506
790,2242
791,2424
792,2217
793,2453
794,2366
795,2311
796,2532
797,2430
798,2176
799,2162
800,2265
801,2289
802,2501
803,2389
804,2256
805,2619
806,2547
807,2241
808,2402
809,2402
810,2391
811,2449
812,2676
813,2244
814,2275
815,2608
816,2588
817,2659
818,2296
819,2653
820,2383
821,2496
822,2514
823,2599
824,2686
825,2522
826,2264
827,2669
828,2464
829,2251
830,2660
831,2279
832,2352
833,2348
834,2644
835,2558
836,2401
837,2580
838,2459
839,2407
840,2744
841,2315
842,2437
843,2748
844,2641
845,2462
846,2540
847,2429
848,2540
849,2353
850,2449
851,2550
852,2522
853,2496
854,2729
855,2527
856,2784
857,2657
858,2774
859,2768
860,2523
861,2703
862,2654
863,2741
864,2476
865,2739
866,2535
867,2812
868,2810
869,2859
870,2724
871,2630
872,2619
873,2581
874,2559
875,2425
876,2551
877,2401
878,2845
879,2561
880,2897
881,2871
882,2718
883,2521
884,2702
885,2513
886,2469
887,2479
888,2762
889,2640
890,2648
891,2930
892,2865
893,2493
894,2582
895,2817
896,2928
897,2767
898,2857
899,2779
900,2633
901,2490
902,2738
903,2821
904,2930
905,2677
906,2962
907,2593
908,2793
909,2628
910,2630
911,2677
912,2738
913,2955
914,2923
915,2746
916,2554
917,2706
918,2994
919,2511
920,2589
921,2650
922,3024
923,2992
924,2510
925,2510
926,3019
927,2521
928,2596
929,2631
930,2528
931,2607
932,3074
933,2763
934,3013
935,2619
936,2695
937,3003
938,2557
939,2863
940,2626
941,2819
942,3041
943,2701
944,2942
945,2736
946,2660
947,2879
948,2741
949,2851
950,2989
951,2991
952,3033
953,2769
954,2719
955,2785
956,3147
957,2787
958,2988
959,2754
960,2750
961,3007
962,2997
963,3069
964,3147
965,3001
966,3065
967,3080
968,2772
969,2726
970,2812
971,2800
972,2903
973,2769
974,3140
975,2858
976,2989
977,2825
978,3031
979,3127
980,2790
981,2853
982,2807
983,2877
984,2847
985,2958
986,3143
987,2729
988,3092
989,2934
990,3248
991,3076
992,2699
993,2751
994,2730
995,3265
996,2865
997,3193
998,3035
999,2727
1000,3183
1000
1,3
2,5
3,9
4,10
5,15
6,18
7,21
8,24
9,28
10,32
11,34
12,39
13,35
14,40
15,46
16,51
17,50
18,57
19,61
20,55
21,67
22,62
23,74
24,73
25,70
26,72
27,73
28,76
29,81
30,92
31,99
32,91
33,103
34,101
35,96
36,100
37,111
38,104
39,118
40,127
41,118
42,116
43,130
44,129
45,124
46,124
47,148
48,134
49,154
50,136
51,157
52,170
53,158
54,154
55,153
56,169
57,170
58,172
59,178
60,165
61,173
62,190
63,196
64,191
65,207
66,214
67,213
68,187
69,216
70,214
71,195
72,205
73,213
74,211
75,244
76,226
77,213
78,230
79,237
80,219
81,247
82,269
83,229
84,275
85,252
86,272
87,248
88,282
89,259
90,258
91,294
92,262
93,300
94,267
95,289
96,296
97,309
98,312
99,278
100,271
101,330
102,293
103,324
104,324
105,297
106,346
107,309
108,346
109,300
110,356
111,309
112,305
113,306
114,359
115,324
116,366
117,327
118,375
119,353
120,386
121,390
122,369
123,377
124,352
125,353
126,369
127,349
128,371
129,354
130,358
131,403
132,434
133,380
134,374
135,415
136,383
137,439
138,404
139,393
140,399
141,406
142,461
143,427
144,466
145,466
146,406
147,469
148,473
149,432
150,449
151,460
152,447
153,501
154,492
155,442
156,481
157,483
158,438
159,455
160,488
161,516
162,473
163,498
164,537
165,543
166,491
167,479
168,479
169,457
170,508
171,481
172,488
173,496
174,482
175,563
176,564
177,556
178,541
179,582
180,552
181,592
182,507
183,602
184,569
185,531
186,538
187,550
188,508
189,601
190,588
191,602
192,612
193,534
194,630
195,586
196,625
197,620
198,594
199,638
200,632
201,577
202,641
203,651
204,584
205,656
206,591
207,580
208,622
209,567
210,584
211,629
212,628
213,610
214,604
215,652
216,609
217,625
218,711
219,678
220,694
221,690
222,650
223,692
224,716
225,695
226,697
227,733
228,663
229,681
230,744
231,758
232,632
233,634
234,705
235,747
236,745
237,650
238,695
239,761
240,774
241,780
242,740
243,725
244,737
245,787
246,706
247,772
248,677
249,710
250,703
251,777
252,716
253,769
254,808
255,797
256,826
257,697
258,715
259,734
260,738
261,751
262,754
263,841
264,835
265,776
266,804
267,833
268,880
269,788
270,807
271,849
272,805
273,785
274,797
275,903
276,752
277,832
278,777
279,819
280,861
281,784
282,810
283,776
284,883
285,926
286,875
287,784
288,880
289,878
290,886
291,800
292,799
293,920
294,892
295,821
296,813
297,842
298,870
299,849
300,831
301,888
302,973
303,887
304,821
305,997
306,910
307,835
308,834
309,900
310,976
311,854
312,979
313,996
314,861
315,963
316,898
317,963
318,978
319,948
320,866
321,943
322,1052
323,883
324,942
325,979
326,1013
327,910
328,979
329,940
330,925
331,917
332,954
333,924
334,1094
335,1060
336,1073
337,985
338,1040
339,1069
340,999
341,1080
342,950
343,1086
344,1052
345,1094
346,945
347,1138
348,1140
349,1064
350,1126
351,984
352,1075
353,1043
354,1109
355,1117
356,1064
357,1111
358,1143
359,1100
360,1166
361,1184
362,1152
363,1003
364,1091
365,1147
366,1058
367,1090
368,1117
369,1186
370,1054
371,1060
372,1016
373,1109
374,1133
375,1019
376,1206
377,1122
378,1109
379,1238
380,1212
381,1108
382,1138
383,1035
384,1079
385,1114
386,1071
387,1231
388,1232
389,1178
390,1123
391,1255
392,1217
393,1199
394,1239
395,1295
396,1225
397,1252
398,1237
399,1188
400,1143
401,1197
402,1166
403,1263
404,1273
405,1174
406,1191
407,1321
408,1229
409,1343
410,1329
411,1190
412,1278
413,1240
414,1302
415,1191
416,1136
417,1267
418,1132
419,1357
420,1256
421,1311
422,1286
423,1320
424,1283
425,1188
426,1185
427,1283
428,1306
429,1407
430,1399
431,1269
432,1270
433,1191
434,1324
435,1259
436,1219
437,1349
438,1236
439,1189
440,1202
441,1256
442,1211
443,1444
444,1278
445,1463
446,1245
447,1440
448,1442
449,1317
450,1457
451,1421
452,1408
453,1493
454,1306
455,1375
456,1408
457,1371
458,1455
459,1399
460,1246
461,1368
462,1274
463,1366
464,1487
465,1345
466,1352
467,1344
468,1506
469,1523
470,1466
471,1409
472,1360
473,1558
474,1284
475,1461
476,1392
477,1570
478,1381
479,1336
480,1496
481,1537
482,1576
483,1331
484,1436
485,1487
486,1377
487,1387
488,1475
489,1381
490,1372
491,1342
492,1498
493,1491
494,1449
495,1378
496,1597
497,1520
498,1518
499,1614
500,1451
501,1631
502,1577
503,1654
504,1517
505,1573
506,1528
507,1458
508,1521
509,1378
510,1381
511,1396
512,1390
513,1595
514,1694
515,1605
516,1603
517,1699
518,1494
519,1484
520,1459
521,1612
522,1527
523,1673
524,1667
525,1695
526,1470
527,1667
528,1476
529,1465
530,1744
531,1559
532,1749
533,1683
534,1547
535,1670
536,1561
537,1649
538,1473
539,1730
540,1501
541,1731
542,1520
543,1476
544,1710
545,1650
546,1643
547,1596
548,1558
549,1750
550,1697
551,1672
552,1795
553,1496
554,1560
555,1779
556,1551
557,1632
558,1813
559,1520
560,1784
561,1803
562,1804
563,1561
564,1551
565,1792
566,1751
567,1659
568,1836
569,1816
570,1781
571,1627
572,1787
573,1720
574,1854
575,1576
576,1601
577,1831
578,1787
579,1886
580,1871
581,1609
582,1739
583,1789
584,1768
585,1652
586,1597
587,1607
588,1928
589,1676
590,1709
591,1655
592,1709
593,1807
594,1656
595,1758
596,1914
597,1838
598,1631
599,1711
600,1830
601,1669
602,1706
603,1799
604,1817
605,1763
606,1778
607,1889
608,1972
609,1850
610,1721
611,1743
612,1742
613,1717
614,1743
615,1831
616,1746
617,2024
618,1672
619,1850
620,1862
621,2024
622,1760
623,2042
624,1897
625,1996
626,1877
627,1950
628,1846
629,1781
630,2074
631,1759
632,1830
633,1768
634,1718
635,1917
636,2010
637,1724
638,1757
639,2081
640,1790
641,2038
642,1970
643,1828
644,2090
645,1948
646,1922
647,2001
648,1959
649,2063
650,2081
651,1808
652,2126
653,1846
654,1984
655,2056
656,2121
657,2135
658,1849
659,1902
660,2074
661,2084
662,1835
663,1932
664,1952
665,1914
666,1863
667,1990
668,2036
669,1952
670,2027
671,1962
672,1982
673,1903
674,2222
675,2149
676,1962
677,1848
678,2190
679,1947
680,2031
681,2239
682,2218
683,1872
684,1981
685,1898
686,2053
687,1987
688,2267
689,2258
690,1920
691,2176
692,2196
693,2171
694,1975
695,2185
696,2085
697,2185
698,2045
699,2042
700,2302
701,2141
702,2090
703,1956
704,2147
705,2030
706,1953
707,2298
708,2297
709,2274
710,2080
711,2328
712,2110
713,2174
714,2061
715,2097
716,2215
717,2353
718,2068
719,1987
720,2373
721,2313
722,2363
723,2155
724,2121
725,2342
726,2097
727,2261
728,2275
729,2143
730,1997
731,2118
732,2371
733,2047
734,2298
735,2362
736,2424
737,2138
738,2161
739,2243
740,2397
741,2144
742,2445
743,2378
744,2107
745,2212
746,2336
747,2111
748,2382
749,2188
750,2223
751,2475
752,2222
753,2140
754,2435
755,2480
756,2156
757,2175
758,2248
759,2096
760,2301
761,2079
762,2163
763,2284
764,2139
765,2431
766,2221
767,2396
768,2242
769,2251
770,2485
771,2431
772,2315
773,2167
774,2506
775,2369
776,2109
777,2195
778,2339
779,2425
780,2372
781,2202
782,2352
783,2311
784,2219
785,2393
786,2511
787,2507
788,2148
789,2254
790,2559
791,2346
792,2574
793,2241
794,2424
795,2156
796,2402
797,2411
798,2389
799,2346
800,2567
801,2291
802,2330
803,2435
804,2557
805,2347
806,2392
807,2396
808,2415
809,2317
810,2532
811,2195
812,2501
813,2498
814,2334
815,2376
816,2552
817,2259
818,2376
819,2474
820,2360
821,2419
822,2271
823,2560
824,2294
825,2310
826,2469
827,2294
828,2552
829,2582
830,2504
831,2318
832,2735
833,2561
834,2330
835,2276
836,2661
837,2326
838,2334
839,2335
840,2567
841,2690
842,2773
843,2472
844,2586
845,2322
846,2615
847,2445
848,2623
849,2715
850,2628
851,2681
852,2540
853,2625
854,2635
855,2479
856,2792
857,2316
858,2790
859,2333
860,2343
861,2753
862,2815
863,2714
864,2701
865,2776
866,2529
867,2514
868,2563
869,2359
870,2684
871,2844
872,2770
873,2804
874,2720
875,2400
876,2888
877,2528
878,2743
879,2536
880,2482
881,2664
882,2714
883,2432
884,2874
885,2435
886,2523
887,2623
888,2630
889,2714
890,2703
891,2938
892,2518
893,2853
894,2619
895,2669
896,2633
897,2488
898,2790
899,2736
900,2678
901,2890
902,2847
903,2797
904,2937
905,2496
906,2877
907,2633
908,2568
909,2616
910,2823
911,2959
912,2959
913,2908
914,2906
915,2587
916,2974
917,2604
918,2925
919,2782
920,2580
921,2796
922,2893
923,2672
924,2770
925,2956
926,2864
927,2594
928,2952
929,2739
930,2759
931,3037
932,2874
933,2906
934,2784
935,2883
936,2635
937,2581
938,3069
939,2816
940,2867
941,2737
942,3069
943,2672
944,2967
945,3115
946,2754
947,3017
948,2913
949,3021
950,2783
951,3016
952,2623
953,2771
954,2802
955,2772
956,2689
957,2732
958,3002
959,2695
960,2644
961,2863
962,2990
963,2968
964,2941
965,3145
966,3127
967,3040
968,2773
969,2707
970,2892
971,3141
972,2817
973,2644
974,2644
975,3137
976,2674
977,2773
978,2716
979,2999
980,2719
981,3130
982,2752
983,3116
984,2975
985,2749
986,2775
987,2898
988,2940
989,3166
990,3093
991,2925
992,3177
993,3160
994,2718
995,3228
996,3185
997,2827
998,2887
999,2914
1000,2826
